1.500000	0	128	0
1.500000	1	123	5
1.500000	2	114	14
1.500000	3	116	12
1.500000	4	114	14
1.500000	5	111	17
1.500000	6	114	14
1.500000	7	118	10
1.500000	8	122	6
1.500000	9	118	10
1.500000	10	112	16
1.500000	11	113	15
1.500000	12	110	18
1.500000	13	104	24
1.500000	14	98	30
1.500000	15	99	29
1.500000	16	98	30
1.500000	17	100	28
1.500000	18	101	27
1.500000	19	102	26
1.500000	20	113	15
1.500000	21	117	11
1.500000	22	116	12
1.500000	23	125	3
1.500000	24	127	1
1.500000	25	124	4
1.500000	26	117	11
1.500000	27	116	12
1.500000	28	113	15
1.500000	29	114	14
1.500000	30	110	18
1.500000	31	114	14
1.500000	32	112	16
1.500000	33	115	13
1.500000	34	116	12
1.500000	35	121	7
1.500000	36	120	8
1.500000	37	123	5
1.500000	38	126	2
1.500000	39	125	3
1.500000	40	121	7
1.500000	41	123	5
1.500000	42	122	6
1.500000	43	124	4
1.500000	44	118	10
1.500000	45	112	16
1.500000	46	113	15
1.500000	47	107	21
1.500000	48	106	22
1.500000	49	113	15
1.500000	50	119	9
1.500000	51	114	14
1.500000	52	109	19
1.500000	53	110	18
1.500000	54	107	21
1.500000	55	105	23
1.500000	56	111	17
1.500000	57	113	15
1.500000	58	112	16
1.500000	59	113	15
1.500000	60	118	10
1.500000	61	120	8
1.500000	62	123	5
1.500000	63	116	12
1.500000	64	116	12
1.500000	65	115	13
1.500000	66	110	18
1.500000	67	110	18
1.500000	68	104	24
1.500000	69	111	17
1.500000	70	112	16
1.500000	71	115	13
1.500000	72	121	7
1.500000	73	126	2
1.500000	74	126	2
1.500000	75	126	2
1.500000	76	128	0
1.500000	77	128	0
1.500000	78	123	5
1.500000	79	125	3
1.500000	80	123	5
1.500000	81	120	8
1.500000	82	114	14
1.500000	83	112	16
1.500000	84	112	16
1.500000	85	111	17
1.500000	86	107	21
1.500000	87	113	15
1.500000	88	111	17
1.500000	89	107	21
1.500000	90	107	21
1.500000	91	109	19
1.500000	92	111	17
1.500000	93	110	18
1.500000	94	105	23
1.500000	95	103	25
1.500000	96	105	23
1.500000	97	109	19
1.500000	98	113	15
1.500000	99	114	14
1.500000	100	118	10
1.500000	101	121	7
1.500000	102	123	5
1.500000	103	116	12
1.500000	104	110	18
1.500000	105	111	17
1.500000	106	109	19
1.500000	107	111	17
1.500000	108	111	17
1.500000	109	117	11
1.500000	110	122	6
1.500000	111	123	5
1.500000	112	122	6
1.500000	113	113	15
1.500000	114	109	19
1.500000	115	109	19
1.500000	116	111	17
1.500000	117	115	13
1.500000	118	115	13
1.500000	119	117	11
1.500000	120	126	2
1.500000	121	128	0
1.500000	122	126	2
1.500000	123	128	0
1.500000	124	126	2
1.500000	125	122	6
1.500000	126	123	5
1.500000	127	124	4

1.700000	0	101	27
1.700000	1	101	27
1.700000	2	101	27
1.700000	3	107	21
1.700000	4	113	15
1.700000	5	115	13
1.700000	6	117	11
1.700000	7	120	8
1.700000	8	120	8
1.700000	9	126	2
1.700000	10	121	7
1.700000	11	112	16
1.700000	12	109	19
1.700000	13	103	25
1.700000	14	107	21
1.700000	15	107	21
1.700000	16	112	16
1.700000	17	124	4
1.700000	18	123	5
1.700000	19	126	2
1.700000	20	120	8
1.700000	21	121	7
1.700000	22	121	7
1.700000	23	125	3
1.700000	24	122	6
1.700000	25	120	8
1.700000	26	122	6
1.700000	27	128	0
1.700000	28	123	5
1.700000	29	123	5
1.700000	30	120	8
1.700000	31	120	8
1.700000	32	114	14
1.700000	33	112	16
1.700000	34	108	20
1.700000	35	105	23
1.700000	36	116	12
1.700000	37	119	9
1.700000	38	112	16
1.700000	39	118	10
1.700000	40	115	13
1.700000	41	108	20
1.700000	42	111	17
1.700000	43	110	18
1.700000	44	113	15
1.700000	45	113	15
1.700000	46	114	14
1.700000	47	120	8
1.700000	48	111	17
1.700000	49	101	27
1.700000	50	110	18
1.700000	51	110	18
1.700000	52	109	19
1.700000	53	101	27
1.700000	54	111	17
1.700000	55	113	15
1.700000	56	114	14
1.700000	57	113	15
1.700000	58	114	14
1.700000	59	114	14
1.700000	60	116	12
1.700000	61	121	7
1.700000	62	117	11
1.700000	63	112	16
1.700000	64	116	12
1.700000	65	118	10
1.700000	66	119	9
1.700000	67	116	12
1.700000	68	118	10
1.700000	69	113	15
1.700000	70	117	11
1.700000	71	111	17
1.700000	72	112	16
1.700000	73	106	22
1.700000	74	106	22
1.700000	75	107	21
1.700000	76	106	22
1.700000	77	106	22
1.700000	78	101	27
1.700000	79	102	26
1.700000	80	108	20
1.700000	81	115	13
1.700000	82	117	11
1.700000	83	121	7
1.700000	84	121	7
1.700000	85	123	5
1.700000	86	122	6
1.700000	87	122	6
1.700000	88	125	3
1.700000	89	127	1
1.700000	90	124	4
1.700000	91	116	12
1.700000	92	117	11
1.700000	93	117	11
1.700000	94	121	7
1.700000	95	118	10
1.700000	96	117	11
1.700000	97	114	14
1.700000	98	114	14
1.700000	99	114	14
1.700000	100	113	15
1.700000	101	113	15
1.700000	102	112	16
1.700000	103	115	13
1.700000	104	114	14
1.700000	105	110	18
1.700000	106	116	12
1.700000	107	113	15
1.700000	108	112	16
1.700000	109	114	14
1.700000	110	114	14
1.700000	111	118	10
1.700000	112	119	9
1.700000	113	116	12
1.700000	114	123	5
1.700000	115	122	6
1.700000	116	121	7
1.700000	117	126	2
1.700000	118	125	3
1.700000	119	122	6
1.700000	120	125	3
1.700000	121	126	2
1.700000	122	125	3
1.700000	123	118	10
1.700000	124	118	10
1.700000	125	110	18
1.700000	126	109	19
1.700000	127	105	23

1.900000	0	108	20
1.900000	1	111	17
1.900000	2	112	16
1.900000	3	114	14
1.900000	4	113	15
1.900000	5	114	14
1.900000	6	108	20
1.900000	7	109	19
1.900000	8	107	21
1.900000	9	111	17
1.900000	10	109	19
1.900000	11	117	11
1.900000	12	111	17
1.900000	13	111	17
1.900000	14	112	16
1.900000	15	109	19
1.900000	16	113	15
1.900000	17	118	10
1.900000	18	115	13
1.900000	19	117	11
1.900000	20	118	10
1.900000	21	124	4
1.900000	22	125	3
1.900000	23	119	9
1.900000	24	122	6
1.900000	25	122	6
1.900000	26	114	14
1.900000	27	115	13
1.900000	28	121	7
1.900000	29	116	12
1.900000	30	114	14
1.900000	31	115	13
1.900000	32	110	18
1.900000	33	112	16
1.900000	34	114	14
1.900000	35	109	19
1.900000	36	105	23
1.900000	37	112	16
1.900000	38	111	17
1.900000	39	119	9
1.900000	40	114	14
1.900000	41	117	11
1.900000	42	122	6
1.900000	43	115	13
1.900000	44	128	0
1.900000	45	126	2
1.900000	46	120	8
1.900000	47	122	6
1.900000	48	121	7
1.900000	49	115	13
1.900000	50	107	21
1.900000	51	110	18
1.900000	52	111	17
1.900000	53	107	21
1.900000	54	112	16
1.900000	55	115	13
1.900000	56	115	13
1.900000	57	118	10
1.900000	58	113	15
1.900000	59	111	17
1.900000	60	121	7
1.900000	61	122	6
1.900000	62	119	9
1.900000	63	120	8
1.900000	64	126	2
1.900000	65	125	3
1.900000	66	123	5
1.900000	67	119	9
1.900000	68	114	14
1.900000	69	115	13
1.900000	70	112	16
1.900000	71	114	14
1.900000	72	112	16
1.900000	73	114	14
1.900000	74	115	13
1.900000	75	110	18
1.900000	76	114	14
1.900000	77	121	7
1.900000	78	115	13
1.900000	79	115	13
1.900000	80	110	18
1.900000	81	109	19
1.900000	82	107	21
1.900000	83	110	18
1.900000	84	112	16
1.900000	85	113	15
1.900000	86	114	14
1.900000	87	115	13
1.900000	88	119	9
1.900000	89	127	1
1.900000	90	124	4
1.900000	91	115	13
1.900000	92	116	12
1.900000	93	116	12
1.900000	94	121	7
1.900000	95	119	9
1.900000	96	122	6
1.900000	97	118	10
1.900000	98	115	13
1.900000	99	117	11
1.900000	100	116	12
1.900000	101	109	19
1.900000	102	106	22
1.900000	103	113	15
1.900000	104	114	14
1.900000	105	108	20
1.900000	106	112	16
1.900000	107	111	17
1.900000	108	107	21
1.900000	109	103	25
1.900000	110	113	15
1.900000	111	112	16
1.900000	112	112	16
1.900000	113	116	12
1.900000	114	119	9
1.900000	115	126	2
1.900000	116	122	6
1.900000	117	119	9
1.900000	118	123	5
1.900000	119	123	5
1.900000	120	126	2
1.900000	121	125	3
1.900000	122	122	6
1.900000	123	115	13
1.900000	124	112	16
1.900000	125	106	22
1.900000	126	106	22
1.900000	127	110	18

2.100000	0	114	14
2.100000	1	118	10
2.100000	2	122	6
2.100000	3	124	4
2.100000	4	120	8
2.100000	5	124	4
2.100000	6	121	7
2.100000	7	124	4
2.100000	8	124	4
2.100000	9	122	6
2.100000	10	118	10
2.100000	11	116	12
2.100000	12	113	15
2.100000	13	115	13
2.100000	14	117	11
2.100000	15	123	5
2.100000	16	122	6
2.100000	17	122	6
2.100000	18	116	12
2.100000	19	113	15
2.100000	20	121	7
2.100000	21	119	9
2.100000	22	122	6
2.100000	23	114	14
2.100000	24	117	11
2.100000	25	119	9
2.100000	26	123	5
2.100000	27	115	13
2.100000	28	114	14
2.100000	29	110	18
2.100000	30	116	12
2.100000	31	116	12
2.100000	32	111	17
2.100000	33	121	7
2.100000	34	111	17
2.100000	35	109	19
2.100000	36	116	12
2.100000	37	118	10
2.100000	38	118	10
2.100000	39	115	13
2.100000	40	111	17
2.100000	41	118	10
2.100000	42	124	4
2.100000	43	114	14
2.100000	44	122	6
2.100000	45	124	4
2.100000	46	121	7
2.100000	47	122	6
2.100000	48	119	9
2.100000	49	124	4
2.100000	50	115	13
2.100000	51	114	14
2.100000	52	116	12
2.100000	53	111	17
2.100000	54	111	17
2.100000	55	116	12
2.100000	56	115	13
2.100000	57	112	16
2.100000	58	115	13
2.100000	59	112	16
2.100000	60	112	16
2.100000	61	111	17
2.100000	62	105	23
2.100000	63	103	25
2.100000	64	98	30
2.100000	65	108	20
2.100000	66	109	19
2.100000	67	108	20
2.100000	68	107	21
2.100000	69	105	23
2.100000	70	112	16
2.100000	71	107	21
2.100000	72	106	22
2.100000	73	115	13
2.100000	74	112	16
2.100000	75	121	7
2.100000	76	114	14
2.100000	77	116	12
2.100000	78	118	10
2.100000	79	122	6
2.100000	80	121	7
2.100000	81	124	4
2.100000	82	118	10
2.100000	83	115	13
2.100000	84	118	10
2.100000	85	116	12
2.100000	86	114	14
2.100000	87	124	4
2.100000	88	126	2
2.100000	89	122	6
2.100000	90	119	9
2.100000	91	112	16
2.100000	92	115	13
2.100000	93	117	11
2.100000	94	118	10
2.100000	95	117	11
2.100000	96	118	10
2.100000	97	121	7
2.100000	98	122	6
2.100000	99	112	16
2.100000	100	114	14
2.100000	101	119	9
2.100000	102	122	6
2.100000	103	116	12
2.100000	104	116	12
2.100000	105	114	14
2.100000	106	108	20
2.100000	107	102	26
2.100000	108	99	29
2.100000	109	101	27
2.100000	110	106	22
2.100000	111	97	31
2.100000	112	97	31
2.100000	113	110	18
2.100000	114	116	12
2.100000	115	109	19
2.100000	116	109	19
2.100000	117	109	19
2.100000	118	111	17
2.100000	119	116	12
2.100000	120	117	11
2.100000	121	119	9
2.100000	122	114	14
2.100000	123	112	16
2.100000	124	113	15
2.100000	125	116	12
2.100000	126	122	6
2.100000	127	115	13

2.300000	0	120	8
2.300000	1	120	8
2.300000	2	119	9
2.300000	3	118	10
2.300000	4	124	4
2.300000	5	120	8
2.300000	6	122	6
2.300000	7	120	8
2.300000	8	120	8
2.300000	9	112	16
2.300000	10	114	14
2.300000	11	118	10
2.300000	12	126	2
2.300000	13	112	16
2.300000	14	116	12
2.300000	15	122	6
2.300000	16	118	10
2.300000	17	114	14
2.300000	18	112	16
2.300000	19	116	12
2.300000	20	114	14
2.300000	21	106	22
2.300000	22	117	11
2.300000	23	115	13
2.300000	24	115	13
2.300000	25	116	12
2.300000	26	115	13
2.300000	27	120	8
2.300000	28	114	14
2.300000	29	115	13
2.300000	30	114	14
2.300000	31	113	15
2.300000	32	116	12
2.300000	33	114	14
2.300000	34	114	14
2.300000	35	117	11
2.300000	36	123	5
2.300000	37	117	11
2.300000	38	114	14
2.300000	39	109	19
2.300000	40	118	10
2.300000	41	117	11
2.300000	42	110	18
2.300000	43	112	16
2.300000	44	109	19
2.300000	45	112	16
2.300000	46	118	10
2.300000	47	122	6
2.300000	48	116	12
2.300000	49	115	13
2.300000	50	117	11
2.300000	51	106	22
2.300000	52	104	24
2.300000	53	109	19
2.300000	54	102	26
2.300000	55	112	16
2.300000	56	117	11
2.300000	57	121	7
2.300000	58	114	14
2.300000	59	119	9
2.300000	60	122	6
2.300000	61	114	14
2.300000	62	110	18
2.300000	63	112	16
2.300000	64	105	23
2.300000	65	109	19
2.300000	66	111	17
2.300000	67	111	17
2.300000	68	116	12
2.300000	69	117	11
2.300000	70	124	4
2.300000	71	120	8
2.300000	72	118	10
2.300000	73	116	12
2.300000	74	121	7
2.300000	75	112	16
2.300000	76	110	18
2.300000	77	113	15
2.300000	78	107	21
2.300000	79	115	13
2.300000	80	118	10
2.300000	81	110	18
2.300000	82	109	19
2.300000	83	110	18
2.300000	84	109	19
2.300000	85	101	27
2.300000	86	103	25
2.300000	87	107	21
2.300000	88	110	18
2.300000	89	114	14
2.300000	90	115	13
2.300000	91	113	15
2.300000	92	118	10
2.300000	93	119	9
2.300000	94	123	5
2.300000	95	123	5
2.300000	96	115	13
2.300000	97	114	14
2.300000	98	113	15
2.300000	99	114	14
2.300000	100	115	13
2.300000	101	110	18
2.300000	102	113	15
2.300000	103	116	12
2.300000	104	118	10
2.300000	105	122	6
2.300000	106	122	6
2.300000	107	119	9
2.300000	108	118	10
2.300000	109	117	11
2.300000	110	119	9
2.300000	111	122	6
2.300000	112	111	17
2.300000	113	115	13
2.300000	114	113	15
2.300000	115	118	10
2.300000	116	119	9
2.300000	117	119	9
2.300000	118	119	9
2.300000	119	117	11
2.300000	120	113	15
2.300000	121	112	16
2.300000	122	113	15
2.300000	123	121	7
2.300000	124	121	7
2.300000	125	124	4
2.300000	126	120	8
2.300000	127	108	20

2.500000	0	110	18
2.500000	1	116	12
2.500000	2	114	14
2.500000	3	115	13
2.500000	4	113	15
2.500000	5	123	5
2.500000	6	121	7
2.500000	7	116	12
2.500000	8	117	11
2.500000	9	114	14
2.500000	10	105	23
2.500000	11	105	23
2.500000	12	110	18
2.500000	13	111	17
2.500000	14	115	13
2.500000	15	114	14
2.500000	16	115	13
2.500000	17	118	10
2.500000	18	116	12
2.500000	19	113	15
2.500000	20	119	9
2.500000	21	118	10
2.500000	22	117	11
2.500000	23	116	12
2.500000	24	118	10
2.500000	25	114	14
2.500000	26	124	4
2.500000	27	115	13
2.500000	28	112	16
2.500000	29	124	4
2.500000	30	104	24
2.500000	31	108	20
2.500000	32	109	19
2.500000	33	118	10
2.500000	34	114	14
2.500000	35	112	16
2.500000	36	116	12
2.500000	37	113	15
2.500000	38	110	18
2.500000	39	122	6
2.500000	40	115	13
2.500000	41	107	21
2.500000	42	111	17
2.500000	43	111	17
2.500000	44	118	10
2.500000	45	113	15
2.500000	46	122	6
2.500000	47	116	12
2.500000	48	119	9
2.500000	49	112	16
2.500000	50	104	24
2.500000	51	114	14
2.500000	52	113	15
2.500000	53	117	11
2.500000	54	121	7
2.500000	55	120	8
2.500000	56	115	13
2.500000	57	113	15
2.500000	58	117	11
2.500000	59	120	8
2.500000	60	122	6
2.500000	61	125	3
2.500000	62	115	13
2.500000	63	114	14
2.500000	64	116	12
2.500000	65	122	6
2.500000	66	117	11
2.500000	67	109	19
2.500000	68	117	11
2.500000	69	117	11
2.500000	70	115	13
2.500000	71	117	11
2.500000	72	118	10
2.500000	73	107	21
2.500000	74	111	17
2.500000	75	122	6
2.500000	76	116	12
2.500000	77	125	3
2.500000	78	119	9
2.500000	79	118	10
2.500000	80	114	14
2.500000	81	121	7
2.500000	82	125	3
2.500000	83	113	15
2.500000	84	116	12
2.500000	85	111	17
2.500000	86	115	13
2.500000	87	114	14
2.500000	88	114	14
2.500000	89	116	12
2.500000	90	114	14
2.500000	91	115	13
2.500000	92	120	8
2.500000	93	124	4
2.500000	94	112	16
2.500000	95	113	15
2.500000	96	120	8
2.500000	97	114	14
2.500000	98	111	17
2.500000	99	117	11
2.500000	100	111	17
2.500000	101	115	13
2.500000	102	116	12
2.500000	103	118	10
2.500000	104	113	15
2.500000	105	106	22
2.500000	106	110	18
2.500000	107	106	22
2.500000	108	112	16
2.500000	109	110	18
2.500000	110	115	13
2.500000	111	120	8
2.500000	112	124	4
2.500000	113	120	8
2.500000	114	120	8
2.500000	115	117	11
2.500000	116	114	14
2.500000	117	117	11
2.500000	118	113	15
2.500000	119	119	9
2.500000	120	108	20
2.500000	121	108	20
2.500000	122	111	17
2.500000	123	119	9
2.500000	124	115	13
2.500000	125	114	14
2.500000	126	112	16
2.500000	127	120	8

2.700000	0	115	13
2.700000	1	111	17
2.700000	2	110	18
2.700000	3	119	9
2.700000	4	113	15
2.700000	5	120	8
2.700000	6	108	20
2.700000	7	123	5
2.700000	8	117	11
2.700000	9	112	16
2.700000	10	104	24
2.700000	11	110	18
2.700000	12	112	16
2.700000	13	114	14
2.700000	14	111	17
2.700000	15	116	12
2.700000	16	107	21
2.700000	17	121	7
2.700000	18	118	10
2.700000	19	116	12
2.700000	20	118	10
2.700000	21	118	10
2.700000	22	112	16
2.700000	23	118	10
2.700000	24	120	8
2.700000	25	116	12
2.700000	26	115	13
2.700000	27	119	9
2.700000	28	119	9
2.700000	29	120	8
2.700000	30	121	7
2.700000	31	117	11
2.700000	32	113	15
2.700000	33	121	7
2.700000	34	116	12
2.700000	35	111	17
2.700000	36	116	12
2.700000	37	114	14
2.700000	38	119	9
2.700000	39	124	4
2.700000	40	108	20
2.700000	41	116	12
2.700000	42	119	9
2.700000	43	119	9
2.700000	44	111	17
2.700000	45	111	17
2.700000	46	118	10
2.700000	47	119	9
2.700000	48	115	13
2.700000	49	119	9
2.700000	50	110	18
2.700000	51	111	17
2.700000	52	119	9
2.700000	53	111	17
2.700000	54	110	18
2.700000	55	109	19
2.700000	56	113	15
2.700000	57	115	13
2.700000	58	114	14
2.700000	59	114	14
2.700000	60	115	13
2.700000	61	116	12
2.700000	62	118	10
2.700000	63	116	12
2.700000	64	115	13
2.700000	65	112	16
2.700000	66	116	12
2.700000	67	123	5
2.700000	68	119	9
2.700000	69	118	10
2.700000	70	121	7
2.700000	71	110	18
2.700000	72	109	19
2.700000	73	110	18
2.700000	74	119	9
2.700000	75	108	20
2.700000	76	108	20
2.700000	77	113	15
2.700000	78	117	11
2.700000	79	116	12
2.700000	80	112	16
2.700000	81	115	13
2.700000	82	116	12
2.700000	83	117	11
2.700000	84	117	11
2.700000	85	116	12
2.700000	86	115	13
2.700000	87	118	10
2.700000	88	120	8
2.700000	89	117	11
2.700000	90	121	7
2.700000	91	120	8
2.700000	92	117	11
2.700000	93	123	5
2.700000	94	121	7
2.700000	95	122	6
2.700000	96	117	11
2.700000	97	121	7
2.700000	98	115	13
2.700000	99	119	9
2.700000	100	113	15
2.700000	101	115	13
2.700000	102	122	6
2.700000	103	111	17
2.700000	104	119	9
2.700000	105	117	11
2.700000	106	108	20
2.700000	107	120	8
2.700000	108	112	16
2.700000	109	108	20
2.700000	110	112	16
2.700000	111	105	23
2.700000	112	108	20
2.700000	113	107	21
2.700000	114	111	17
2.700000	115	115	13
2.700000	116	120	8
2.700000	117	114	14
2.700000	118	111	17
2.700000	119	111	17
2.700000	120	113	15
2.700000	121	116	12
2.700000	122	115	13
2.700000	123	121	7
2.700000	124	118	10
2.700000	125	120	8
2.700000	126	108	20
2.700000	127	113	15

2.900000	0	114	14
2.900000	1	117	11
2.900000	2	106	22
2.900000	3	110	18
2.900000	4	113	15
2.900000	5	120	8
2.900000	6	116	12
2.900000	7	113	15
2.900000	8	115	13
2.900000	9	111	17
2.900000	10	115	13
2.900000	11	114	14
2.900000	12	108	20
2.900000	13	108	20
2.900000	14	117	11
2.900000	15	111	17
2.900000	16	115	13
2.900000	17	118	10
2.900000	18	118	10
2.900000	19	119	9
2.900000	20	117	11
2.900000	21	114	14
2.900000	22	114	14
2.900000	23	116	12
2.900000	24	117	11
2.900000	25	117	11
2.900000	26	119	9
2.900000	27	119	9
2.900000	28	117	11
2.900000	29	111	17
2.900000	30	118	10
2.900000	31	118	10
2.900000	32	120	8
2.900000	33	114	14
2.900000	34	119	9
2.900000	35	114	14
2.900000	36	115	13
2.900000	37	121	7
2.900000	38	122	6
2.900000	39	122	6
2.900000	40	109	19
2.900000	41	114	14
2.900000	42	121	7
2.900000	43	114	14
2.900000	44	112	16
2.900000	45	120	8
2.900000	46	107	21
2.900000	47	117	11
2.900000	48	118	10
2.900000	49	119	9
2.900000	50	117	11
2.900000	51	114	14
2.900000	52	105	23
2.900000	53	118	10
2.900000	54	113	15
2.900000	55	118	10
2.900000	56	114	14
2.900000	57	114	14
2.900000	58	114	14
2.900000	59	108	20
2.900000	60	113	15
2.900000	61	104	24
2.900000	62	118	10
2.900000	63	118	10
2.900000	64	121	7
2.900000	65	125	3
2.900000	66	116	12
2.900000	67	119	9
2.900000	68	120	8
2.900000	69	119	9
2.900000	70	118	10
2.900000	71	112	16
2.900000	72	110	18
2.900000	73	112	16
2.900000	74	108	20
2.900000	75	113	15
2.900000	76	118	10
2.900000	77	116	12
2.900000	78	112	16
2.900000	79	115	13
2.900000	80	113	15
2.900000	81	120	8
2.900000	82	119	9
2.900000	83	119	9
2.900000	84	110	18
2.900000	85	114	14
2.900000	86	113	15
2.900000	87	118	10
2.900000	88	113	15
2.900000	89	116	12
2.900000	90	112	16
2.900000	91	120	8
2.900000	92	119	9
2.900000	93	120	8
2.900000	94	119	9
2.900000	95	119	9
2.900000	96	109	19
2.900000	97	109	19
2.900000	98	116	12
2.900000	99	123	5
2.900000	100	113	15
2.900000	101	115	13
2.900000	102	109	19
2.900000	103	120	8
2.900000	104	116	12
2.900000	105	121	7
2.900000	106	120	8
2.900000	107	117	11
2.900000	108	117	11
2.900000	109	109	19
2.900000	110	117	11
2.900000	111	115	13
2.900000	112	116	12
2.900000	113	112	16
2.900000	114	107	21
2.900000	115	116	12
2.900000	116	116	12
2.900000	117	109	19
2.900000	118	117	11
2.900000	119	115	13
2.900000	120	118	10
2.900000	121	118	10
2.900000	122	118	10
2.900000	123	111	17
2.900000	124	113	15
2.900000	125	105	23
2.900000	126	117	11
2.900000	127	113	15

3.100000	0	119	9
3.100000	1	117	11
3.100000	2	116	12
3.100000	3	113	15
3.100000	4	114	14
3.100000	5	113	15
3.100000	6	117	11
3.100000	7	118	10
3.100000	8	119	9
3.100000	9	121	7
3.100000	10	119	9
3.100000	11	118	10
3.100000	12	124	4
3.100000	13	116	12
3.100000	14	122	6
3.100000	15	110	18
3.100000	16	113	15
3.100000	17	110	18
3.100000	18	121	7
3.100000	19	121	7
3.100000	20	118	10
3.100000	21	111	17
3.100000	22	117	11
3.100000	23	111	17
3.100000	24	111	17
3.100000	25	114	14
3.100000	26	116	12
3.100000	27	119	9
3.100000	28	118	10
3.100000	29	111	17
3.100000	30	114	14
3.100000	31	114	14
3.100000	32	112	16
3.100000	33	116	12
3.100000	34	112	16
3.100000	35	116	12
3.100000	36	119	9
3.100000	37	101	27
3.100000	38	110	18
3.100000	39	107	21
3.100000	40	111	17
3.100000	41	119	9
3.100000	42	112	16
3.100000	43	111	17
3.100000	44	115	13
3.100000	45	120	8
3.100000	46	116	12
3.100000	47	118	10
3.100000	48	120	8
3.100000	49	117	11
3.100000	50	119	9
3.100000	51	122	6
3.100000	52	115	13
3.100000	53	116	12
3.100000	54	109	19
3.100000	55	112	16
3.100000	56	112	16
3.100000	57	117	11
3.100000	58	116	12
3.100000	59	114	14
3.100000	60	116	12
3.100000	61	114	14
3.100000	62	120	8
3.100000	63	114	14
3.100000	64	113	15
3.100000	65	113	15
3.100000	66	116	12
3.100000	67	114	14
3.100000	68	116	12
3.100000	69	110	18
3.100000	70	110	18
3.100000	71	118	10
3.100000	72	108	20
3.100000	73	111	17
3.100000	74	116	12
3.100000	75	119	9
3.100000	76	116	12
3.100000	77	110	18
3.100000	78	117	11
3.100000	79	116	12
3.100000	80	119	9
3.100000	81	113	15
3.100000	82	117	11
3.100000	83	116	12
3.100000	84	119	9
3.100000	85	116	12
3.100000	86	114	14
3.100000	87	116	12
3.100000	88	109	19
3.100000	89	111	17
3.100000	90	113	15
3.100000	91	122	6
3.100000	92	120	8
3.100000	93	118	10
3.100000	94	117	11
3.100000	95	116	12
3.100000	96	113	15
3.100000	97	117	11
3.100000	98	116	12
3.100000	99	117	11
3.100000	100	119	9
3.100000	101	109	19
3.100000	102	113	15
3.100000	103	110	18
3.100000	104	113	15
3.100000	105	117	11
3.100000	106	119	9
3.100000	107	117	11
3.100000	108	113	15
3.100000	109	117	11
3.100000	110	114	14
3.100000	111	117	11
3.100000	112	113	15
3.100000	113	117	11
3.100000	114	118	10
3.100000	115	119	9
3.100000	116	113	15
3.100000	117	116	12
3.100000	118	114	14
3.100000	119	108	20
3.100000	120	118	10
3.100000	121	116	12
3.100000	122	113	15
3.100000	123	112	16
3.100000	124	117	11
3.100000	125	116	12
3.100000	126	120	8
3.100000	127	113	15

3.300000	0	116	12
3.300000	1	116	12
3.300000	2	115	13
3.300000	3	123	5
3.300000	4	122	6
3.300000	5	114	14
3.300000	6	119	9
3.300000	7	119	9
3.300000	8	123	5
3.300000	9	114	14
3.300000	10	114	14
3.300000	11	114	14
3.300000	12	117	11
3.300000	13	118	10
3.300000	14	108	20
3.300000	15	121	7
3.300000	16	114	14
3.300000	17	117	11
3.300000	18	110	18
3.300000	19	114	14
3.300000	20	113	15
3.300000	21	119	9
3.300000	22	115	13
3.300000	23	118	10
3.300000	24	108	20
3.300000	25	115	13
3.300000	26	102	26
3.300000	27	113	15
3.300000	28	122	6
3.300000	29	122	6
3.300000	30	115	13
3.300000	31	116	12
3.300000	32	116	12
3.300000	33	115	13
3.300000	34	119	9
3.300000	35	115	13
3.300000	36	116	12
3.300000	37	119	9
3.300000	38	118	10
3.300000	39	112	16
3.300000	40	115	13
3.300000	41	116	12
3.300000	42	107	21
3.300000	43	119	9
3.300000	44	113	15
3.300000	45	116	12
3.300000	46	112	16
3.300000	47	120	8
3.300000	48	114	14
3.300000	49	110	18
3.300000	50	114	14
3.300000	51	119	9
3.300000	52	120	8
3.300000	53	117	11
3.300000	54	107	21
3.300000	55	119	9
3.300000	56	120	8
3.300000	57	118	10
3.300000	58	118	10
3.300000	59	111	17
3.300000	60	112	16
3.300000	61	115	13
3.300000	62	115	13
3.300000	63	110	18
3.300000	64	112	16
3.300000	65	117	11
3.300000	66	115	13
3.300000	67	119	9
3.300000	68	100	28
3.300000	69	120	8
3.300000	70	114	14
3.300000	71	116	12
3.300000	72	111	17
3.300000	73	117	11
3.300000	74	122	6
3.300000	75	117	11
3.300000	76	111	17
3.300000	77	118	10
3.300000	78	118	10
3.300000	79	117	11
3.300000	80	115	13
3.300000	81	110	18
3.300000	82	113	15
3.300000	83	118	10
3.300000	84	110	18
3.300000	85	107	21
3.300000	86	118	10
3.300000	87	116	12
3.300000	88	115	13
3.300000	89	115	13
3.300000	90	118	10
3.300000	91	114	14
3.300000	92	116	12
3.300000	93	115	13
3.300000	94	109	19
3.300000	95	113	15
3.300000	96	117	11
3.300000	97	120	8
3.300000	98	115	13
3.300000	99	118	10
3.300000	100	116	12
3.300000	101	116	12
3.300000	102	112	16
3.300000	103	108	20
3.300000	104	115	13
3.300000	105	116	12
3.300000	106	112	16
3.300000	107	112	16
3.300000	108	111	17
3.300000	109	118	10
3.300000	110	119	9
3.300000	111	115	13
3.300000	112	111	17
3.300000	113	113	15
3.300000	114	119	9
3.300000	115	113	15
3.300000	116	118	10
3.300000	117	118	10
3.300000	118	114	14
3.300000	119	121	7
3.300000	120	118	10
3.300000	121	120	8
3.300000	122	113	15
3.300000	123	110	18
3.300000	124	119	9
3.300000	125	113	15
3.300000	126	114	14
3.300000	127	113	15

