1.500000	0	67	61
1.500000	1	68	60
1.500000	2	64	64
1.500000	3	68	60
1.500000	4	60	68
1.500000	5	55	73
1.500000	6	68	60
1.500000	7	67	61
1.500000	8	58	70
1.500000	9	61	67
1.500000	10	57	71
1.500000	11	58	70
1.500000	12	59	69
1.500000	13	54	74
1.500000	14	59	69
1.500000	15	54	74
1.500000	16	61	67
1.500000	17	61	67
1.500000	18	68	60
1.500000	19	75	53
1.500000	20	72	56
1.500000	21	69	59
1.500000	22	66	62
1.500000	23	77	51
1.500000	24	76	52
1.500000	25	71	57
1.500000	26	59	69
1.500000	27	53	75
1.500000	28	52	76
1.500000	29	48	80
1.500000	30	48	80
1.500000	31	58	70
1.500000	32	59	69
1.500000	33	71	57
1.500000	34	76	52
1.500000	35	79	49
1.500000	36	77	51
1.500000	37	68	60
1.500000	38	63	65
1.500000	39	66	62
1.500000	40	64	64
1.500000	41	60	68
1.500000	42	62	66
1.500000	43	59	69
1.500000	44	65	63
1.500000	45	65	63
1.500000	46	62	66
1.500000	47	60	68
1.500000	48	62	66
1.500000	49	61	67
1.500000	50	63	65
1.500000	51	66	62
1.500000	52	65	63
1.500000	53	69	59
1.500000	54	61	67
1.500000	55	51	77
1.500000	56	51	77
1.500000	57	66	62
1.500000	58	61	67
1.500000	59	56	72
1.500000	60	68	60
1.500000	61	65	63
1.500000	62	63	65
1.500000	63	80	48
1.500000	64	77	51
1.500000	65	85	43
1.500000	66	84	44
1.500000	67	69	59
1.500000	68	67	61
1.500000	69	68	60
1.500000	70	62	66
1.500000	71	59	69
1.500000	72	60	68
1.500000	73	63	65
1.500000	74	73	55
1.500000	75	80	48
1.500000	76	77	51
1.500000	77	81	47
1.500000	78	64	64
1.500000	79	61	67
1.500000	80	67	61
1.500000	81	55	73
1.500000	82	49	79
1.500000	83	47	81
1.500000	84	44	84
1.500000	85	54	74
1.500000	86	55	73
1.500000	87	61	67
1.500000	88	68	60
1.500000	89	69	59
1.500000	90	66	62
1.500000	91	66	62
1.500000	92	62	66
1.500000	93	69	59
1.500000	94	68	60
1.500000	95	72	56
1.500000	96	80	48
1.500000	97	69	59
1.500000	98	72	56
1.500000	99	69	59
1.500000	100	71	57
1.500000	101	70	58
1.500000	102	73	55
1.500000	103	65	63
1.500000	104	63	65
1.500000	105	63	65
1.500000	106	66	62
1.500000	107	64	64
1.500000	108	60	68
1.500000	109	40	88
1.500000	110	48	80
1.500000	111	49	79
1.500000	112	51	77
1.500000	113	47	81
1.500000	114	61	67
1.500000	115	69	59
1.500000	116	74	54
1.500000	117	68	60
1.500000	118	68	60
1.500000	119	68	60
1.500000	120	59	69
1.500000	121	64	64
1.500000	122	62	66
1.500000	123	62	66
1.500000	124	63	65
1.500000	125	71	57
1.500000	126	61	67
1.500000	127	65	63

1.700000	0	83	45
1.700000	1	68	60
1.700000	2	59	69
1.700000	3	58	70
1.700000	4	56	72
1.700000	5	49	79
1.700000	6	44	84
1.700000	7	42	86
1.700000	8	44	84
1.700000	9	44	84
1.700000	10	47	81
1.700000	11	53	75
1.700000	12	60	68
1.700000	13	64	64
1.700000	14	71	57
1.700000	15	72	56
1.700000	16	70	58
1.700000	17	71	57
1.700000	18	70	58
1.700000	19	83	45
1.700000	20	79	49
1.700000	21	71	57
1.700000	22	71	57
1.700000	23	69	59
1.700000	24	69	59
1.700000	25	83	45
1.700000	26	74	54
1.700000	27	49	79
1.700000	28	42	86
1.700000	29	42	86
1.700000	30	43	85
1.700000	31	51	77
1.700000	32	56	72
1.700000	33	63	65
1.700000	34	73	55
1.700000	35	74	54
1.700000	36	80	48
1.700000	37	88	40
1.700000	38	79	49
1.700000	39	69	59
1.700000	40	64	64
1.700000	41	52	76
1.700000	42	50	78
1.700000	43	43	85
1.700000	44	59	69
1.700000	45	51	77
1.700000	46	57	71
1.700000	47	66	62
1.700000	48	67	61
1.700000	49	74	54
1.700000	50	72	56
1.700000	51	57	71
1.700000	52	57	71
1.700000	53	64	64
1.700000	54	71	57
1.700000	55	64	64
1.700000	56	61	67
1.700000	57	61	67
1.700000	58	62	66
1.700000	59	60	68
1.700000	60	55	73
1.700000	61	51	77
1.700000	62	57	71
1.700000	63	58	70
1.700000	64	70	58
1.700000	65	70	58
1.700000	66	79	49
1.700000	67	76	52
1.700000	68	62	66
1.700000	69	60	68
1.700000	70	56	72
1.700000	71	54	74
1.700000	72	70	58
1.700000	73	74	54
1.700000	74	70	58
1.700000	75	69	59
1.700000	76	65	63
1.700000	77	67	61
1.700000	78	56	72
1.700000	79	67	61
1.700000	80	58	70
1.700000	81	51	77
1.700000	82	53	75
1.700000	83	59	69
1.700000	84	68	60
1.700000	85	71	57
1.700000	86	73	55
1.700000	87	81	47
1.700000	88	77	51
1.700000	89	78	50
1.700000	90	79	49
1.700000	91	79	49
1.700000	92	73	55
1.700000	93	66	62
1.700000	94	57	71
1.700000	95	55	73
1.700000	96	45	83
1.700000	97	49	79
1.700000	98	40	88
1.700000	99	44	84
1.700000	100	47	81
1.700000	101	55	73
1.700000	102	71	57
1.700000	103	84	44
1.700000	104	93	35
1.700000	105	92	36
1.700000	106	81	47
1.700000	107	70	58
1.700000	108	63	65
1.700000	109	60	68
1.700000	110	54	74
1.700000	111	50	78
1.700000	112	50	78
1.700000	113	51	77
1.700000	114	46	82
1.700000	115	42	86
1.700000	116	43	85
1.700000	117	57	71
1.700000	118	59	69
1.700000	119	61	67
1.700000	120	72	56
1.700000	121	76	52
1.700000	122	85	43
1.700000	123	89	39
1.700000	124	89	39
1.700000	125	79	49
1.700000	126	95	33
1.700000	127	91	37

1.900000	0	63	65
1.900000	1	64	64
1.900000	2	62	66
1.900000	3	69	59
1.900000	4	71	57
1.900000	5	68	60
1.900000	6	76	52
1.900000	7	83	45
1.900000	8	70	58
1.900000	9	72	56
1.900000	10	74	54
1.900000	11	75	53
1.900000	12	78	50
1.900000	13	81	47
1.900000	14	81	47
1.900000	15	65	63
1.900000	16	75	53
1.900000	17	68	60
1.900000	18	65	63
1.900000	19	63	65
1.900000	20	58	70
1.900000	21	59	69
1.900000	22	48	80
1.900000	23	50	78
1.900000	24	54	74
1.900000	25	49	79
1.900000	26	64	64
1.900000	27	69	59
1.900000	28	67	61
1.900000	29	67	61
1.900000	30	69	59
1.900000	31	68	60
1.900000	32	62	66
1.900000	33	57	71
1.900000	34	56	72
1.900000	35	59	69
1.900000	36	57	71
1.900000	37	73	55
1.900000	38	75	53
1.900000	39	63	65
1.900000	40	57	71
1.900000	41	62	66
1.900000	42	57	71
1.900000	43	68	60
1.900000	44	84	44
1.900000	45	84	44
1.900000	46	87	41
1.900000	47	83	45
1.900000	48	88	40
1.900000	49	74	54
1.900000	50	74	54
1.900000	51	62	66
1.900000	52	63	65
1.900000	53	64	64
1.900000	54	62	66
1.900000	55	54	74
1.900000	56	53	75
1.900000	57	48	80
1.900000	58	52	76
1.900000	59	54	74
1.900000	60	59	69
1.900000	61	53	75
1.900000	62	61	67
1.900000	63	65	63
1.900000	64	63	65
1.900000	65	66	62
1.900000	66	65	63
1.900000	67	64	64
1.900000	68	64	64
1.900000	69	57	71
1.900000	70	60	68
1.900000	71	55	73
1.900000	72	53	75
1.900000	73	61	67
1.900000	74	60	68
1.900000	75	65	63
1.900000	76	65	63
1.900000	77	56	72
1.900000	78	59	69
1.900000	79	61	67
1.900000	80	73	55
1.900000	81	77	51
1.900000	82	69	59
1.900000	83	71	57
1.900000	84	68	60
1.900000	85	62	66
1.900000	86	55	73
1.900000	87	58	70
1.900000	88	70	58
1.900000	89	66	62
1.900000	90	68	60
1.900000	91	73	55
1.900000	92	68	60
1.900000	93	63	65
1.900000	94	65	63
1.900000	95	70	58
1.900000	96	70	58
1.900000	97	74	54
1.900000	98	62	66
1.900000	99	58	70
1.900000	100	53	75
1.900000	101	60	68
1.900000	102	56	72
1.900000	103	58	70
1.900000	104	50	78
1.900000	105	51	77
1.900000	106	60	68
1.900000	107	63	65
1.900000	108	69	59
1.900000	109	66	62
1.900000	110	71	57
1.900000	111	73	55
1.900000	112	77	51
1.900000	113	66	62
1.900000	114	60	68
1.900000	115	54	74
1.900000	116	47	81
1.900000	117	42	86
1.900000	118	53	75
1.900000	119	51	77
1.900000	120	57	71
1.900000	121	55	73
1.900000	122	61	67
1.900000	123	60	68
1.900000	124	58	70
1.900000	125	64	64
1.900000	126	64	64
1.900000	127	64	64

2.100000	0	65	63
2.100000	1	61	67
2.100000	2	58	70
2.100000	3	60	68
2.100000	4	58	70
2.100000	5	52	76
2.100000	6	50	78
2.100000	7	54	74
2.100000	8	76	52
2.100000	9	73	55
2.100000	10	74	54
2.100000	11	70	58
2.100000	12	67	61
2.100000	13	74	54
2.100000	14	74	54
2.100000	15	68	60
2.100000	16	73	55
2.100000	17	68	60
2.100000	18	67	61
2.100000	19	65	63
2.100000	20	62	66
2.100000	21	68	60
2.100000	22	67	61
2.100000	23	59	69
2.100000	24	63	65
2.100000	25	57	71
2.100000	26	50	78
2.100000	27	49	79
2.100000	28	54	74
2.100000	29	58	70
2.100000	30	47	81
2.100000	31	47	81
2.100000	32	50	78
2.100000	33	60	68
2.100000	34	59	69
2.100000	35	71	57
2.100000	36	71	57
2.100000	37	76	52
2.100000	38	80	48
2.100000	39	74	54
2.100000	40	68	60
2.100000	41	69	59
2.100000	42	60	68
2.100000	43	63	65
2.100000	44	63	65
2.100000	45	53	75
2.100000	46	52	76
2.100000	47	53	75
2.100000	48	51	77
2.100000	49	50	78
2.100000	50	50	78
2.100000	51	61	67
2.100000	52	69	59
2.100000	53	79	49
2.100000	54	86	42
2.100000	55	81	47
2.100000	56	77	51
2.100000	57	80	48
2.100000	58	76	52
2.100000	59	71	57
2.100000	60	67	61
2.100000	61	69	59
2.100000	62	63	65
2.100000	63	67	61
2.100000	64	63	65
2.100000	65	55	73
2.100000	66	50	78
2.100000	67	48	80
2.100000	68	47	81
2.100000	69	51	77
2.100000	70	59	69
2.100000	71	66	62
2.100000	72	58	70
2.100000	73	52	76
2.100000	74	58	70
2.100000	75	59	69
2.100000	76	50	78
2.100000	77	56	72
2.100000	78	54	74
2.100000	79	53	75
2.100000	80	50	78
2.100000	81	63	65
2.100000	82	64	64
2.100000	83	77	51
2.100000	84	73	55
2.100000	85	84	44
2.100000	86	82	46
2.100000	87	87	41
2.100000	88	86	42
2.100000	89	86	42
2.100000	90	84	44
2.100000	91	80	48
2.100000	92	71	57
2.100000	93	70	58
2.100000	94	59	69
2.100000	95	58	70
2.100000	96	48	80
2.100000	97	50	78
2.100000	98	49	79
2.100000	99	38	90
2.100000	100	36	92
2.100000	101	35	93
2.100000	102	38	90
2.100000	103	44	84
2.100000	104	43	85
2.100000	105	41	87
2.100000	106	50	78
2.100000	107	59	69
2.100000	108	68	60
2.100000	109	64	64
2.100000	110	72	56
2.100000	111	82	46
2.100000	112	82	46
2.100000	113	88	40
2.100000	114	84	44
2.100000	115	79	49
2.100000	116	93	35
2.100000	117	86	42
2.100000	118	85	43
2.100000	119	81	47
2.100000	120	78	50
2.100000	121	70	58
2.100000	122	67	61
2.100000	123	55	73
2.100000	124	65	63
2.100000	125	67	61
2.100000	126	64	64
2.100000	127	71	57

2.300000	0	53	75
2.300000	1	59	69
2.300000	2	72	56
2.300000	3	73	55
2.300000	4	66	62
2.300000	5	60	68
2.300000	6	60	68
2.300000	7	48	80
2.300000	8	62	66
2.300000	9	62	66
2.300000	10	62	66
2.300000	11	71	57
2.300000	12	79	49
2.300000	13	85	43
2.300000	14	88	40
2.300000	15	94	34
2.300000	16	87	41
2.300000	17	85	43
2.300000	18	84	44
2.300000	19	78	50
2.300000	20	70	58
2.300000	21	67	61
2.300000	22	62	66
2.300000	23	57	71
2.300000	24	59	69
2.300000	25	55	73
2.300000	26	49	79
2.300000	27	56	72
2.300000	28	53	75
2.300000	29	49	79
2.300000	30	63	65
2.300000	31	63	65
2.300000	32	61	67
2.300000	33	67	61
2.300000	34	78	50
2.300000	35	75	53
2.300000	36	76	52
2.300000	37	77	51
2.300000	38	67	61
2.300000	39	53	75
2.300000	40	50	78
2.300000	41	45	83
2.300000	42	42	86
2.300000	43	49	79
2.300000	44	43	85
2.300000	45	46	82
2.300000	46	67	61
2.300000	47	70	58
2.300000	48	77	51
2.300000	49	73	55
2.300000	50	73	55
2.300000	51	71	57
2.300000	52	67	61
2.300000	53	66	62
2.300000	54	62	66
2.300000	55	55	73
2.300000	56	61	67
2.300000	57	66	62
2.300000	58	68	60
2.300000	59	82	46
2.300000	60	79	49
2.300000	61	66	62
2.300000	62	64	64
2.300000	63	72	56
2.300000	64	61	67
2.300000	65	59	69
2.300000	66	62	66
2.300000	67	68	60
2.300000	68	63	65
2.300000	69	64	64
2.300000	70	65	63
2.300000	71	54	74
2.300000	72	53	75
2.300000	73	61	67
2.300000	74	69	59
2.300000	75	70	58
2.300000	76	64	64
2.300000	77	61	67
2.300000	78	69	59
2.300000	79	71	57
2.300000	80	63	65
2.300000	81	74	54
2.300000	82	73	55
2.300000	83	80	48
2.300000	84	64	64
2.300000	85	69	59
2.300000	86	74	54
2.300000	87	75	53
2.300000	88	80	48
2.300000	89	79	49
2.300000	90	79	49
2.300000	91	78	50
2.300000	92	65	63
2.300000	93	59	69
2.300000	94	56	72
2.300000	95	52	76
2.300000	96	55	73
2.300000	97	50	78
2.300000	98	47	81
2.300000	99	51	77
2.300000	100	54	74
2.300000	101	55	73
2.300000	102	55	73
2.300000	103	53	75
2.300000	104	54	74
2.300000	105	56	72
2.300000	106	59	69
2.300000	107	60	68
2.300000	108	56	72
2.300000	109	66	62
2.300000	110	62	66
2.300000	111	58	70
2.300000	112	68	60
2.300000	113	71	57
2.300000	114	65	63
2.300000	115	62	66
2.300000	116	54	74
2.300000	117	66	62
2.300000	118	71	57
2.300000	119	66	62
2.300000	120	68	60
2.300000	121	55	73
2.300000	122	54	74
2.300000	123	56	72
2.300000	124	46	82
2.300000	125	51	77
2.300000	126	56	72
2.300000	127	59	69

2.500000	0	77	51
2.500000	1	77	51
2.500000	2	87	41
2.500000	3	81	47
2.500000	4	81	47
2.500000	5	73	55
2.500000	6	65	63
2.500000	7	59	69
2.500000	8	58	70
2.500000	9	58	70
2.500000	10	61	67
2.500000	11	51	77
2.500000	12	54	74
2.500000	13	64	64
2.500000	14	60	68
2.500000	15	64	64
2.500000	16	57	71
2.500000	17	54	74
2.500000	18	62	66
2.500000	19	60	68
2.500000	20	51	77
2.500000	21	52	76
2.500000	22	50	78
2.500000	23	51	77
2.500000	24	46	82
2.500000	25	51	77
2.500000	26	58	70
2.500000	27	64	64
2.500000	28	62	66
2.500000	29	62	66
2.500000	30	70	58
2.500000	31	64	64
2.500000	32	64	64
2.500000	33	71	57
2.500000	34	73	55
2.500000	35	68	60
2.500000	36	69	59
2.500000	37	70	58
2.500000	38	68	60
2.500000	39	67	61
2.500000	40	77	51
2.500000	41	72	56
2.500000	42	68	60
2.500000	43	72	56
2.500000	44	76	52
2.500000	45	67	61
2.500000	46	58	70
2.500000	47	67	61
2.500000	48	78	50
2.500000	49	70	58
2.500000	50	56	72
2.500000	51	51	77
2.500000	52	58	70
2.500000	53	67	61
2.500000	54	46	82
2.500000	55	50	78
2.500000	56	61	67
2.500000	57	65	63
2.500000	58	58	70
2.500000	59	55	73
2.500000	60	52	76
2.500000	61	48	80
2.500000	62	49	79
2.500000	63	60	68
2.500000	64	66	62
2.500000	65	79	49
2.500000	66	78	50
2.500000	67	67	61
2.500000	68	66	62
2.500000	69	77	51
2.500000	70	74	54
2.500000	71	80	48
2.500000	72	77	51
2.500000	73	75	53
2.500000	74	79	49
2.500000	75	68	60
2.500000	76	67	61
2.500000	77	63	65
2.500000	78	71	57
2.500000	79	68	60
2.500000	80	60	68
2.500000	81	68	60
2.500000	82	54	74
2.500000	83	47	81
2.500000	84	70	58
2.500000	85	64	64
2.500000	86	58	70
2.500000	87	65	63
2.500000	88	61	67
2.500000	89	44	84
2.500000	90	45	83
2.500000	91	60	68
2.500000	92	72	56
2.500000	93	66	62
2.500000	94	57	71
2.500000	95	52	76
2.500000	96	55	73
2.500000	97	65	63
2.500000	98	67	61
2.500000	99	69	59
2.500000	100	69	59
2.500000	101	61	67
2.500000	102	63	65
2.500000	103	60	68
2.500000	104	64	64
2.500000	105	59	69
2.500000	106	50	78
2.500000	107	55	73
2.500000	108	45	83
2.500000	109	52	76
2.500000	110	50	78
2.500000	111	50	78
2.500000	112	61	67
2.500000	113	67	61
2.500000	114	73	55
2.500000	115	78	50
2.500000	116	77	51
2.500000	117	88	40
2.500000	118	95	33
2.500000	119	92	36
2.500000	120	88	40
2.500000	121	67	61
2.500000	122	64	64
2.500000	123	49	79
2.500000	124	47	81
2.500000	125	60	68
2.500000	126	67	61
2.500000	127	72	56

2.700000	0	52	76
2.700000	1	64	64
2.700000	2	64	64
2.700000	3	56	72
2.700000	4	52	76
2.700000	5	53	75
2.700000	6	68	60
2.700000	7	81	47
2.700000	8	72	56
2.700000	9	71	57
2.700000	10	65	63
2.700000	11	55	73
2.700000	12	71	57
2.700000	13	85	43
2.700000	14	94	34
2.700000	15	80	48
2.700000	16	70	58
2.700000	17	62	66
2.700000	18	58	70
2.700000	19	55	73
2.700000	20	57	71
2.700000	21	53	75
2.700000	22	57	71
2.700000	23	49	79
2.700000	24	48	80
2.700000	25	62	66
2.700000	26	80	48
2.700000	27	75	53
2.700000	28	71	57
2.700000	29	75	53
2.700000	30	76	52
2.700000	31	65	63
2.700000	32	64	64
2.700000	33	67	61
2.700000	34	79	49
2.700000	35	74	54
2.700000	36	70	58
2.700000	37	64	64
2.700000	38	58	70
2.700000	39	54	74
2.700000	40	49	79
2.700000	41	55	73
2.700000	42	73	55
2.700000	43	72	56
2.700000	44	74	54
2.700000	45	65	63
2.700000	46	52	76
2.700000	47	49	79
2.700000	48	65	63
2.700000	49	68	60
2.700000	50	68	60
2.700000	51	70	58
2.700000	52	68	60
2.700000	53	63	65
2.700000	54	61	67
2.700000	55	58	70
2.700000	56	63	65
2.700000	57	72	56
2.700000	58	69	59
2.700000	59	66	62
2.700000	60	64	64
2.700000	61	63	65
2.700000	62	57	71
2.700000	63	44	84
2.700000	64	49	79
2.700000	65	60	68
2.700000	66	67	61
2.700000	67	66	62
2.700000	68	57	71
2.700000	69	55	73
2.700000	70	48	80
2.700000	71	53	75
2.700000	72	68	60
2.700000	73	60	68
2.700000	74	57	71
2.700000	75	62	66
2.700000	76	77	51
2.700000	77	69	59
2.700000	78	61	67
2.700000	79	61	67
2.700000	80	57	71
2.700000	81	56	72
2.700000	82	61	67
2.700000	83	65	63
2.700000	84	62	66
2.700000	85	58	70
2.700000	86	64	64
2.700000	87	60	68
2.700000	88	70	58
2.700000	89	56	72
2.700000	90	53	75
2.700000	91	59	69
2.700000	92	54	74
2.700000	93	49	79
2.700000	94	43	85
2.700000	95	49	79
2.700000	96	56	72
2.700000	97	69	59
2.700000	98	66	62
2.700000	99	62	66
2.700000	100	57	71
2.700000	101	70	58
2.700000	102	66	62
2.700000	103	69	59
2.700000	104	81	47
2.700000	105	94	34
2.700000	106	93	35
2.700000	107	94	34
2.700000	108	87	41
2.700000	109	76	52
2.700000	110	74	54
2.700000	111	72	56
2.700000	112	75	53
2.700000	113	75	53
2.700000	114	80	48
2.700000	115	74	54
2.700000	116	67	61
2.700000	117	60	68
2.700000	118	57	71
2.700000	119	61	67
2.700000	120	59	69
2.700000	121	58	70
2.700000	122	58	70
2.700000	123	57	71
2.700000	124	57	71
2.700000	125	43	85
2.700000	126	44	84
2.700000	127	61	67

2.900000	0	57	71
2.900000	1	69	59
2.900000	2	62	66
2.900000	3	66	62
2.900000	4	66	62
2.900000	5	77	51
2.900000	6	72	56
2.900000	7	76	52
2.900000	8	72	56
2.900000	9	75	53
2.900000	10	77	51
2.900000	11	69	59
2.900000	12	48	80
2.900000	13	63	65
2.900000	14	70	58
2.900000	15	75	53
2.900000	16	69	59
2.900000	17	78	50
2.900000	18	72	56
2.900000	19	64	64
2.900000	20	71	57
2.900000	21	67	61
2.900000	22	68	60
2.900000	23	72	56
2.900000	24	74	54
2.900000	25	63	65
2.900000	26	58	70
2.900000	27	54	74
2.900000	28	47	81
2.900000	29	42	86
2.900000	30	65	63
2.900000	31	63	65
2.900000	32	78	50
2.900000	33	72	56
2.900000	34	74	54
2.900000	35	60	68
2.900000	36	49	79
2.900000	37	55	73
2.900000	38	57	71
2.900000	39	61	67
2.900000	40	61	67
2.900000	41	61	67
2.900000	42	66	62
2.900000	43	59	69
2.900000	44	66	62
2.900000	45	65	63
2.900000	46	69	59
2.900000	47	63	65
2.900000	48	73	55
2.900000	49	72	56
2.900000	50	47	81
2.900000	51	58	70
2.900000	52	56	72
2.900000	53	51	77
2.900000	54	45	83
2.900000	55	54	74
2.900000	56	55	73
2.900000	57	46	82
2.900000	58	38	90
2.900000	59	44	84
2.900000	60	44	84
2.900000	61	58	70
2.900000	62	68	60
2.900000	63	68	60
2.900000	64	75	53
2.900000	65	75	53
2.900000	66	63	65
2.900000	67	59	69
2.900000	68	73	55
2.900000	69	62	66
2.900000	70	65	63
2.900000	71	58	70
2.900000	72	53	75
2.900000	73	52	76
2.900000	74	59	69
2.900000	75	68	60
2.900000	76	75	53
2.900000	77	70	58
2.900000	78	68	60
2.900000	79	73	55
2.900000	80	65	63
2.900000	81	54	74
2.900000	82	60	68
2.900000	83	65	63
2.900000	84	69	59
2.900000	85	85	43
2.900000	86	82	46
2.900000	87	78	50
2.900000	88	85	43
2.900000	89	67	61
2.900000	90	66	62
2.900000	91	70	58
2.900000	92	71	57
2.900000	93	66	62
2.900000	94	58	70
2.900000	95	57	71
2.900000	96	60	68
2.900000	97	68	60
2.900000	98	73	55
2.900000	99	65	63
2.900000	100	76	52
2.900000	101	64	64
2.900000	102	73	55
2.900000	103	61	67
2.900000	104	51	77
2.900000	105	61	67
2.900000	106	61	67
2.900000	107	49	79
2.900000	108	48	80
2.900000	109	60	68
2.900000	110	59	69
2.900000	111	55	73
2.900000	112	73	55
2.900000	113	73	55
2.900000	114	69	59
2.900000	115	69	59
2.900000	116	61	67
2.900000	117	65	63
2.900000	118	71	57
2.900000	119	66	62
2.900000	120	62	66
2.900000	121	67	61
2.900000	122	59	69
2.900000	123	52	76
2.900000	124	60	68
2.900000	125	62	66
2.900000	126	72	56
2.900000	127	67	61

3.100000	0	58	70
3.100000	1	54	74
3.100000	2	52	76
3.100000	3	68	60
3.100000	4	64	64
3.100000	5	66	62
3.100000	6	56	72
3.100000	7	62	66
3.100000	8	61	67
3.100000	9	62	66
3.100000	10	68	60
3.100000	11	60	68
3.100000	12	66	62
3.100000	13	70	58
3.100000	14	77	51
3.100000	15	86	42
3.100000	16	84	44
3.100000	17	75	53
3.100000	18	67	61
3.100000	19	61	67
3.100000	20	67	61
3.100000	21	59	69
3.100000	22	59	69
3.100000	23	59	69
3.100000	24	71	57
3.100000	25	67	61
3.100000	26	61	67
3.100000	27	73	55
3.100000	28	73	55
3.100000	29	68	60
3.100000	30	66	62
3.100000	31	68	60
3.100000	32	67	61
3.100000	33	64	64
3.100000	34	68	60
3.100000	35	63	65
3.100000	36	70	58
3.100000	37	66	62
3.100000	38	65	63
3.100000	39	72	56
3.100000	40	85	43
3.100000	41	66	62
3.100000	42	66	62
3.100000	43	57	71
3.100000	44	64	64
3.100000	45	68	60
3.100000	46	70	58
3.100000	47	82	46
3.100000	48	80	48
3.100000	49	76	52
3.100000	50	76	52
3.100000	51	85	43
3.100000	52	67	61
3.100000	53	60	68
3.100000	54	57	71
3.100000	55	71	57
3.100000	56	62	66
3.100000	57	53	75
3.100000	58	62	66
3.100000	59	68	60
3.100000	60	66	62
3.100000	61	59	69
3.100000	62	49	79
3.100000	63	51	77
3.100000	64	54	74
3.100000	65	56	72
3.100000	66	51	77
3.100000	67	47	81
3.100000	68	49	79
3.100000	69	48	80
3.100000	70	57	71
3.100000	71	61	67
3.100000	72	70	58
3.100000	73	63	65
3.100000	74	58	70
3.100000	75	64	64
3.100000	76	72	56
3.100000	77	73	55
3.100000	78	63	65
3.100000	79	68	60
3.100000	80	66	62
3.100000	81	71	57
3.100000	82	58	70
3.100000	83	61	67
3.100000	84	65	63
3.100000	85	69	59
3.100000	86	66	62
3.100000	87	65	63
3.100000	88	60	68
3.100000	89	61	67
3.100000	90	59	69
3.100000	91	68	60
3.100000	92	57	71
3.100000	93	58	70
3.100000	94	73	55
3.100000	95	64	64
3.100000	96	68	60
3.100000	97	66	62
3.100000	98	63	65
3.100000	99	59	69
3.100000	100	68	60
3.100000	101	66	62
3.100000	102	66	62
3.100000	103	63	65
3.100000	104	48	80
3.100000	105	44	84
3.100000	106	47	81
3.100000	107	58	70
3.100000	108	60	68
3.100000	109	74	54
3.100000	110	71	57
3.100000	111	66	62
3.100000	112	54	74
3.100000	113	67	61
3.100000	114	69	59
3.100000	115	66	62
3.100000	116	69	59
3.100000	117	63	65
3.100000	118	60	68
3.100000	119	66	62
3.100000	120	66	62
3.100000	121	60	68
3.100000	122	58	70
3.100000	123	48	80
3.100000	124	58	70
3.100000	125	71	57
3.100000	126	57	71
3.100000	127	55	73

3.300000	0	54	74
3.300000	1	52	76
3.300000	2	57	71
3.300000	3	57	71
3.300000	4	54	74
3.300000	5	58	70
3.300000	6	61	67
3.300000	7	49	79
3.300000	8	66	62
3.300000	9	69	59
3.300000	10	71	57
3.300000	11	61	67
3.300000	12	61	67
3.300000	13	69	59
3.300000	14	67	61
3.300000	15	68	60
3.300000	16	74	54
3.300000	17	74	54
3.300000	18	59	69
3.300000	19	57	71
3.300000	20	60	68
3.300000	21	65	63
3.300000	22	66	62
3.300000	23	64	64
3.300000	24	60	68
3.300000	25	72	56
3.300000	26	70	58
3.300000	27	57	71
3.300000	28	67	61
3.300000	29	64	64
3.300000	30	67	61
3.300000	31	65	63
3.300000	32	64	64
3.300000	33	67	61
3.300000	34	59	69
3.300000	35	55	73
3.300000	36	49	79
3.300000	37	50	78
3.300000	38	61	67
3.300000	39	65	63
3.300000	40	67	61
3.300000	41	65	63
3.300000	42	57	71
3.300000	43	63	65
3.300000	44	63	65
3.300000	45	65	63
3.300000	46	74	54
3.300000	47	58	70
3.300000	48	66	62
3.300000	49	67	61
3.300000	50	66	62
3.300000	51	73	55
3.300000	52	76	52
3.300000	53	67	61
3.300000	54	75	53
3.300000	55	68	60
3.300000	56	63	65
3.300000	57	47	81
3.300000	58	51	77
3.300000	59	66	62
3.300000	60	68	60
3.300000	61	68	60
3.300000	62	66	62
3.300000	63	60	68
3.300000	64	54	74
3.300000	65	52	76
3.300000	66	62	66
3.300000	67	51	77
3.300000	68	58	70
3.300000	69	69	59
3.300000	70	68	60
3.300000	71	53	75
3.300000	72	56	72
3.300000	73	60	68
3.300000	74	74	54
3.300000	75	56	72
3.300000	76	54	74
3.300000	77	59	69
3.300000	78	56	72
3.300000	79	64	64
3.300000	80	63	65
3.300000	81	69	59
3.300000	82	64	64
3.300000	83	65	63
3.300000	84	69	59
3.300000	85	65	63
3.300000	86	64	64
3.300000	87	67	61
3.300000	88	59	69
3.300000	89	64	64
3.300000	90	63	65
3.300000	91	70	58
3.300000	92	63	65
3.300000	93	65	63
3.300000	94	76	52
3.300000	95	78	50
3.300000	96	75	53
3.300000	97	79	49
3.300000	98	65	63
3.300000	99	67	61
3.300000	100	63	65
3.300000	101	58	70
3.300000	102	60	68
3.300000	103	74	54
3.300000	104	56	72
3.300000	105	47	81
3.300000	106	59	69
3.300000	107	61	67
3.300000	108	64	64
3.300000	109	63	65
3.300000	110	64	64
3.300000	111	62	66
3.300000	112	78	50
3.300000	113	85	43
3.300000	114	71	57
3.300000	115	67	61
3.300000	116	76	52
3.300000	117	80	48
3.300000	118	82	46
3.300000	119	64	64
3.300000	120	55	73
3.300000	121	57	71
3.300000	122	68	60
3.300000	123	63	65
3.300000	124	74	54
3.300000	125	74	54
3.300000	126	64	64
3.300000	127	63	65

