7.80766e+20
7.08848e+20
5.51575e+20
4.09267e+20
6.27427e+20
8.95904e+20
5.50901e+19
3.29352e+20
3.67129e+20
9.04274e+20
2.66476e+20
2.76183e+20
6.82263e+20
6.05231e+19
1.45376e+20
7.83028e+20
6.06234e+20
9.74258e+20
6.72823e+20
8.01171e+20
8.4948e+20
3.83118e+20
6.46632e+19
7.8474e+19
1.64414e+20
2.78201e+20
8.59392e+20
6.5402e+20
7.81764e+20
7.31045e+20
3.45681e+20
5.62616e+20
3.09158e+20
9.25195e+20
6.2465e+20
3.57445e+20
1.27821e+20
8.21124e+19
4.47313e+20
3.6241e+20
9.6862e+20
1.04903e+20
4.15272e+20
9.31248e+20
9.50039e+19
5.81877e+20
1.61453e+20
4.56525e+20
8.76814e+20
5.51334e+20
1.86439e+20
9.2148e+20
1.64086e+20
4.3138e+20
2.71521e+20
1.16041e+20
3.48727e+20
8.76953e+20
7.9365e+20
4.94044e+20
8.62205e+20
1.51721e+20
4.75407e+20
3.53434e+20
5.01355e+20
6.8788e+20
5.53636e+20
5.37864e+20
3.40497e+20
3.8878e+20
9.82158e+20
4.58485e+19
7.59672e+20
4.23908e+20
7.00987e+19
7.59665e+20
2.72759e+20
3.2249e+20
8.80328e+20
7.66551e+20
1.20007e+20
4.07645e+20
5.99493e+20
3.28091e+19
1.90911e+19
7.56972e+20
3.57393e+20
8.47197e+20
4.66902e+20
8.88078e+20
4.68868e+20
5.0309e+20
1.19806e+20
4.61851e+20
8.96328e+20
8.80905e+20
4.13783e+20
3.44494e+20
6.05185e+20
4.40394e+20
8.53045e+20
8.50016e+20
2.20144e+20
8.30062e+20
2.27229e+20
8.59745e+20
8.35817e+19
8.57406e+19
1.56459e+19
7.52969e+20
4.24602e+20
9.79682e+20
6.71817e+20
8.05981e+20
2.64989e+20
7.58335e+20
9.42891e+20
7.64633e+20
8.30211e+19
2.52195e+20
2.15784e+20
6.97797e+20
8.053e+20
5.39964e+20
9.34094e+20
1.46636e+20
1.0817e+20
7.7843e+20
2.66532e+20
2.15488e+20
4.5134e+20
4.11089e+20
5.71933e+20
1.58774e+20
7.61753e+20
2.33796e+20
2.40885e+20
3.26963e+20
7.75272e+20
9.9867e+20
1.35661e+19
6.55276e+20
5.90208e+20
6.33357e+20
7.5821e+20
8.70882e+20
6.98239e+20
6.97832e+20
7.24027e+20
2.23151e+20
3.65619e+20
1.44682e+20
8.18462e+20
8.70305e+20
6.51342e+20
9.56967e+20
8.51327e+20
3.55343e+20
4.22962e+20
6.71285e+20
4.83134e+20
3.42705e+20
4.95669e+20
1.41015e+20
9.52229e+20
9.94609e+20
5.63084e+20
3.22605e+20
3.34522e+19
7.22123e+20
6.38752e+20
3.80999e+20
4.90891e+20
3.06812e+20
9.9654e+20
3.28611e+20
9.22031e+18
8.02648e+20
7.91438e+20
4.68865e+20
3.64419e+20
1.23937e+20
7.85872e+20
1.59288e+20
8.17673e+20
2.07622e+20
8.13397e+20
5.30901e+20
6.15807e+20
3.05135e+20
5.85894e+20
2.47822e+20
7.14529e+20
9.20837e+20
8.06064e+20
6.31583e+20
6.21753e+20
5.84558e+20
7.20367e+20
7.4762e+20
9.14536e+20
2.80477e+20
4.39396e+19
5.58691e+20
6.70381e+20
4.28786e+20
9.75387e+20
3.92423e+20
8.05456e+19
1.97766e+20
7.68693e+20
3.46649e+20
5.30581e+20
5.47074e+20
6.66603e+20
3.23484e+20
9.14987e+20
1.33713e+19
9.87959e+19
1.80581e+19
8.13508e+20
8.63702e+19
6.20418e+19
5.10234e+20
8.08218e+20
3.67758e+20
5.75381e+20
6.08959e+20
7.56306e+20
9.07215e+20
2.93376e+20
6.98373e+20
2.86822e+20
8.55699e+20
6.56966e+20
1.69098e+20
5.57247e+20
4.12942e+20
9.05581e+20
2.40117e+20
8.59551e+20
1.85663e+20
8.30698e+20
6.63812e+20
6.1073e+20
8.67694e+20
6.31401e+20
4.83744e+20
9.96689e+20
5.15639e+20
2.27612e+20
6.92921e+20
6.35001e+20
5.76233e+20
2.28309e+20
6.03345e+20
3.68268e+20
8.91545e+20
2.6353e+20
8.91146e+20
8.06011e+20
7.56874e+19
8.63333e+20
9.66933e+20
3.33353e+20
9.44719e+20
8.07505e+20
6.64356e+20
9.66768e+20
3.90012e+20
6.43123e+20
8.767e+20
6.57406e+20
4.29868e+20
7.24718e+19
4.53626e+20
7.29792e+20
2.96595e+20
3.39389e+20
7.50966e+20
4.86882e+20
4.18431e+20
5.47025e+20
5.87299e+20
5.6013e+20
2.23398e+20
7.26659e+20
7.86254e+20
9.31689e+20
9.10669e+20
3.95688e+20
7.84623e+20
8.88081e+20
8.62827e+20
9.83433e+20
9.15159e+20
7.44485e+20
8.27053e+20
3.13899e+20
5.7014e+20
2.28445e+20
9.01502e+20
8.59197e+20
3.9605e+20
6.91993e+20
2.2643e+20
7.99247e+20
8.2442e+20
3.97497e+20
6.40587e+20
4.41575e+20
6.99654e+20
2.12137e+19
5.733e+20
8.39682e+20
7.39549e+20
3.90531e+20
4.04592e+20
9.41342e+20
3.03826e+20
2.41282e+20
8.61367e+20
7.00225e+20
3.85093e+20
3.47134e+20
8.70735e+20
7.66453e+20
3.8824e+20
9.9352e+20
2.11552e+20
7.4029e+20
5.88188e+20
2.40319e+20
1.53393e+20
4.56494e+20
7.5797e+20
3.58909e+20
6.38407e+20
5.7208e+20
1.19853e+20
7.89611e+20
7.9197e+20
6.91662e+20
4.13019e+20
4.31158e+20
2.14603e+20
1.53069e+20
6.05136e+20
3.66733e+20
8.74391e+20
5.89456e+20
8.03692e+20
4.30678e+18
5.12612e+19
6.2277e+20
4.04341e+20
3.08479e+20
4.03319e+20
5.17968e+20
3.86013e+20
7.99975e+20
6.33568e+20
8.96105e+20
9.27911e+20
1.08949e+20
3.17116e+19
4.88272e+20
8.46644e+20
3.90991e+20
4.66355e+20
9.11327e+20
5.75483e+20
8.42313e+20
9.08386e+20
4.07871e+20
5.13438e+20
3.95573e+20
1.75734e+20
3.2912e+20
1.56297e+20
3.81021e+19
2.45315e+20
1.48002e+20
8.33894e+20
1.62988e+19
1.45635e+19
9.02819e+20
3.93142e+20
4.14227e+20
7.21871e+20
4.54198e+20
4.42973e+20
5.26797e+19
1.82352e+20
3.96275e+20
5.03448e+19
1.10444e+20
4.10732e+20
7.65503e+20
8.18638e+20
8.95651e+20
7.49525e+20
3.44393e+20
4.4655e+20
2.98989e+20
9.99247e+20
6.1592e+20
1.3451e+20
4.62186e+20
3.99421e+20
1.29336e+19
5.81494e+19
4.1009e+20
1.15661e+20
1.19647e+20
8.09284e+20
7.54712e+20
6.17936e+18
8.29683e+20
3.60668e+20
5.57782e+19
9.45056e+20
6.25986e+20
2.16975e+20
2.60988e+20
5.75231e+20
7.25723e+20
6.56329e+20
7.07847e+20
8.95029e+20
1.40723e+19
3.55921e+19
3.41633e+20
4.17716e+20
7.47079e+20
5.80392e+20
8.42428e+20
9.69121e+19
8.00174e+19
6.73395e+20
1.10378e+20
1.65458e+19
1.7956e+20
2.63542e+20
1.64353e+20
6.58753e+20
3.20832e+20
5.68586e+20
5.89223e+20
4.9892e+20
2.99627e+20
3.2262e+20
2.97515e+20
8.45894e+20
6.09196e+20
4.3332e+20
6.8088e+20
4.74195e+20
4.78596e+19
6.55149e+20
1.77643e+20
6.8045e+20
9.92326e+20
3.33301e+20
9.54503e+20
9.34907e+20
2.81543e+20
2.19178e+20
8.63475e+20
4.81617e+20
4.71306e+20
4.50778e+20
8.94723e+20
5.15385e+19
4.96566e+20
5.64972e+20
6.34828e+20
9.74874e+20
4.51058e+20
6.49936e+20
2.99819e+20
3.83751e+20
4.14315e+19
4.8228e+20
3.75138e+20
2.10155e+20
6.01554e+20
8.57647e+20
9.75536e+20
7.23541e+20
5.99779e+20
6.14217e+20
9.48553e+20
8.74728e+20
1.20571e+20
3.54891e+20
7.57111e+20
7.27794e+20
2.90346e+20
5.54946e+20
1.36814e+20
3.93573e+19
8.99038e+20
4.08191e+19
8.53712e+20
2.77553e+19
9.73565e+20
1.81994e+20
3.34994e+19
5.07087e+20
3.54631e+20
6.82319e+20
9.94243e+20
5.06808e+20
7.58098e+20
8.395e+20
6.65932e+20
2.04265e+20
5.95138e+20
2.93531e+20
1.76417e+19
5.66921e+19
8.42577e+20
6.69734e+20
4.17415e+20
6.18739e+20
1.34989e+20
1.07006e+20
2.42915e+20
1.32906e+20
1.07726e+20
2.15423e+20
3.35418e+20
4.41415e+20
6.52739e+20
6.73298e+19
7.54134e+20
5.59034e+20
3.67986e+20
7.6421e+20
7.98976e+20
2.03263e+20
1.78482e+20
4.55452e+20
3.86293e+20
9.31512e+20
8.8578e+19
4.82296e+20
3.38767e+20
5.67399e+19
7.68562e+20
2.34266e+20
8.27393e+20
6.49311e+20
5.2949e+20
2.14398e+20
1.13753e+20
4.29631e+20
6.84672e+20
4.77964e+20
1.26651e+20
1.67444e+20
7.60829e+20
7.2873e+20
8.8432e+20
2.50173e+20
7.12628e+20
4.52538e+19
3.73872e+20
3.24485e+20
8.47884e+18
4.68874e+20
6.94369e+20
7.12752e+20
4.49089e+20
8.39824e+19
8.68719e+20
8.24562e+20
3.14891e+20
1.63287e+20
7.59912e+20
4.20902e+19
4.20024e+20
2.22409e+20
9.28543e+18
9.37338e+20
2.66728e+20
3.75492e+20
2.44687e+20
1.28694e+20
3.9446e+20
2.84732e+20
8.17073e+20
3.11751e+20
1.46508e+20
1.07297e+20
7.28086e+20
8.46908e+20
8.19573e+20
7.00413e+20
3.232e+19
5.93292e+20
7.87401e+20
7.6998e+20
5.87696e+20
7.10984e+20
7.92098e+20
1.34485e+20
3.61366e+20
5.37218e+20
8.52051e+20
6.36057e+19
3.7883e+20
6.88364e+20
5.92723e+19
5.04366e+19
7.6677e+20
5.45169e+19
3.20863e+20
6.82934e+20
9.95873e+20
2.4144e+20
2.87718e+20
6.08077e+20
1.78196e+20
2.09579e+20
1.21415e+20
5.07353e+20
7.52274e+20
9.16387e+20
4.57367e+19
1.46031e+20
7.70268e+19
3.97224e+19
5.82547e+19
3.83189e+20
5.09616e+20
1.31848e+20
9.26655e+20
3.50535e+20
8.44814e+20
1.86033e+20
9.94569e+19
9.70571e+19
8.95407e+20
3.6338e+20
8.22952e+20
7.50936e+20
1.20455e+20
1.86617e+20
7.76184e+20
6.93695e+20
4.00727e+20
1.18967e+20
8.28391e+20
4.3388e+20
2.53182e+20
4.47759e+19
1.09033e+19
5.72472e+20
1.76748e+20
9.71058e+20
4.61399e+20
4.69393e+19
4.86739e+20
5.6215e+20
1.13055e+20
1.28297e+20
6.2934e+20
9.78688e+20
1.46859e+20
5.60699e+20
2.20445e+20
7.11187e+20
3.91596e+20
2.53004e+20
4.22276e+20
4.85831e+20
5.02649e+19
1.82528e+20
1.3275e+20
9.58071e+20
6.9051e+20
2.75986e+20
8.4702e+20
9.52195e+20
9.49959e+19
7.61423e+20
1.81053e+20
6.09657e+20
9.95207e+20
1.43816e+20
3.10216e+20
7.34804e+20
9.50825e+19
1.42747e+20
8.28715e+20
8.90467e+20
8.95536e+20
8.25981e+19
4.72568e+20
4.89254e+20
4.40887e+20
9.10859e+20
3.03647e+19
2.76501e+20
8.03338e+19
4.23008e+20
2.40851e+18
1.68917e+20
7.52378e+20
4.09737e+20
1.49301e+20
1.64831e+20
1.55992e+20
9.88988e+20
5.56784e+20
8.88916e+20
6.17517e+20
7.95565e+20
4.61488e+20
5.5988e+20
3.82007e+20
1.81425e+20
7.133e+19
9.9366e+20
2.53995e+20
4.75957e+20
1.79572e+20
3.98346e+20
9.95285e+19
1.40623e+20
1.73422e+20
7.17968e+20
7.98065e+20
9.51065e+20
7.82743e+20
9.44353e+20
1.66853e+20
3.59521e+20
5.83452e+19
3.92169e+20
6.56662e+20
1.7767e+20
7.01378e+20
9.19308e+20
2.08831e+20
5.51317e+20
1.03047e+20
5.3641e+20
5.73525e+20
5.71071e+20
5.426e+19
3.16171e+20
7.42561e+20
7.97149e+20
3.60181e+20
3.89982e+20
6.01968e+20
7.35643e+20
9.08806e+20
7.17861e+20
1.75643e+20
1.27791e+20
1.86037e+20
1.04132e+20
4.28167e+20
5.93844e+20
7.3374e+20
9.22184e+20
2.84742e+20
9.6688e+20
4.77219e+20
9.32578e+20
5.593e+20
6.24112e+20
9.24285e+20
1.62109e+20
9.71612e+19
7.83317e+20
3.1682e+20
1.00986e+20
8.7796e+20
2.10643e+20
8.15778e+19
8.669e+20
8.74273e+20
2.50108e+20
6.54204e+20
4.72014e+20
8.81637e+20
2.4309e+20
4.13891e+20
2.26453e+20
7.56667e+20
8.31515e+20
5.18385e+20
2.42658e+20
9.55246e+19
3.06162e+20
7.03975e+20
5.13685e+20
1.66579e+20
8.01969e+20
4.7753e+20
1.94147e+20
3.28602e+19
7.98399e+20
8.80956e+20
2.67905e+20
4.23469e+20
6.70916e+20
3.52123e+20
3.78102e+20
3.94485e+20
2.77778e+20
3.48937e+20
8.05975e+20
3.30354e+20
7.61712e+20
3.29737e+20
9.67278e+20
5.70289e+20
8.30043e+20
9.01582e+20
5.30581e+20
8.88224e+20
1.42168e+20
4.02362e+20
9.44495e+20
2.7031e+20
2.54693e+20
1.37702e+20
6.41279e+20
3.47445e+20
6.39794e+20
9.33311e+20
3.82948e+20
9.67879e+20
5.57454e+20
5.70204e+20
8.89408e+20
9.421e+20
9.21667e+20
2.9904e+20
7.98689e+20
2.57855e+20
5.42838e+20
4.34238e+20
8.51596e+20
4.41265e+20
3.15613e+18
2.5832e+20
4.60135e+20
4.12789e+20
6.0918e+20
5.6895e+20
8.87688e+20
8.53809e+20
2.12223e+20
8.29593e+20
8.97746e+20
8.6275e+20
9.06211e+20
4.81344e+20
4.0168e+20
5.1419e+20
7.10464e+20
6.47787e+20
2.01405e+20
9.91551e+20
2.41505e+20
6.97367e+20
1.08861e+20
4.83125e+20
7.35514e+20
7.28484e+20
3.29219e+19
5.53732e+19
7.9264e+20
3.72066e+20
5.4238e+20
8.08194e+20
8.97864e+20
3.31966e+20
3.08156e+20
5.95062e+20
1.60092e+20
1.71424e+20
2.5231e+19
6.29584e+20
5.18406e+20
4.17782e+20
7.18287e+19
3.39706e+20
4.18423e+20
7.83597e+20
2.10838e+19
8.64472e+20
9.35517e+20
6.60649e+20
1.01407e+19
8.16397e+19
1.80567e+20
1.07436e+20
9.69293e+20
9.03097e+20
8.47329e+20
2.0862e+20
2.57972e+20
3.66858e+20
4.24375e+20
5.2396e+20
9.45779e+20
2.95472e+20
1.03325e+20
3.35504e+20
1.37009e+20
2.00411e+20
6.79777e+20
6.41263e+20
2.62354e+20
8.95049e+20
2.67692e+20
3.89302e+19
4.58716e+20
5.11826e+20
4.51176e+20
3.30659e+20
6.11515e+20
2.76398e+20
5.32874e+20
8.72688e+20
1.04826e+20
4.22615e+19
5.76357e+20
3.44128e+20
3.62961e+20
7.05483e+20
6.77761e+20
7.5817e+20
7.19269e+20
9.5884e+20
2.04809e+20
4.28705e+20
2.69105e+20
1.11955e+19
6.2269e+19
4.88571e+20
8.3385e+20
5.12841e+20
5.55608e+19
9.39675e+20
3.28874e+20
7.69324e+20
8.24834e+20
1.93629e+20
1.82137e+20
3.16561e+19
9.23442e+20
2.57933e+20
6.22992e+20
4.0857e+19
5.90441e+20
9.05378e+20
8.5935e+20
1.53059e+20
1.69289e+20
5.89064e+20
1.41856e+20
9.15399e+20
1.52678e+20
3.14764e+20
4.54413e+20
9.05796e+20
2.66604e+20
6.84455e+20
2.6851e+20
9.80029e+20
1.90353e+19
3.45241e+20
5.23969e+19
1.4175e+20
7.68268e+20
1.27283e+20
3.8114e+20
1.13497e+20
1.44924e+20
2.7235e+20
5.59484e+20
7.07485e+20
7.6361e+20
5.76339e+20
2.69427e+20
1.98088e+20
1.89439e+20
9.94517e+20
1.44805e+20
2.63956e+20
5.16994e+18
