1.500000	0	35	29
1.500000	1	33	31
1.500000	2	36	28
1.500000	3	23	41
1.500000	4	26	38
1.500000	5	36	28
1.500000	6	36	28
1.500000	7	32	32
1.500000	8	37	27
1.500000	9	33	31
1.500000	10	38	26
1.500000	11	33	31
1.500000	12	29	35
1.500000	13	33	31
1.500000	14	31	33
1.500000	15	31	33
1.500000	16	30	34
1.500000	17	27	37
1.500000	18	33	31
1.500000	19	29	35
1.500000	20	34	30
1.500000	21	29	35
1.500000	22	28	36
1.500000	23	27	37
1.500000	24	34	30
1.500000	25	34	30
1.500000	26	32	32
1.500000	27	33	31
1.500000	28	27	37
1.500000	29	21	43
1.500000	30	29	35
1.500000	31	31	33
1.500000	32	27	37
1.500000	33	34	30
1.500000	34	36	28
1.500000	35	34	30
1.500000	36	31	33
1.500000	37	38	26
1.500000	38	34	30
1.500000	39	34	30
1.500000	40	31	33
1.500000	41	33	31
1.500000	42	36	28
1.500000	43	38	26
1.500000	44	36	28
1.500000	45	32	32
1.500000	46	28	36
1.500000	47	32	32
1.500000	48	34	30
1.500000	49	30	34
1.500000	50	30	34
1.500000	51	26	38
1.500000	52	24	40
1.500000	53	42	22
1.500000	54	37	27
1.500000	55	25	39
1.500000	56	34	30
1.500000	57	43	21
1.500000	58	33	31
1.500000	59	34	30
1.500000	60	33	31
1.500000	61	28	36
1.500000	62	33	31
1.500000	63	28	36

1.700000	0	39	25
1.700000	1	34	30
1.700000	2	24	40
1.700000	3	32	32
1.700000	4	29	35
1.700000	5	25	39
1.700000	6	30	34
1.700000	7	31	33
1.700000	8	30	34
1.700000	9	32	32
1.700000	10	32	32
1.700000	11	27	37
1.700000	12	33	31
1.700000	13	32	32
1.700000	14	38	26
1.700000	15	38	26
1.700000	16	35	29
1.700000	17	34	30
1.700000	18	30	34
1.700000	19	35	29
1.700000	20	38	26
1.700000	21	35	29
1.700000	22	25	39
1.700000	23	27	37
1.700000	24	36	28
1.700000	25	28	36
1.700000	26	31	33
1.700000	27	32	32
1.700000	28	24	40
1.700000	29	32	32
1.700000	30	21	43
1.700000	31	30	34
1.700000	32	27	37
1.700000	33	32	32
1.700000	34	39	25
1.700000	35	35	29
1.700000	36	42	22
1.700000	37	30	34
1.700000	38	29	35
1.700000	39	26	38
1.700000	40	30	34
1.700000	41	30	34
1.700000	42	39	25
1.700000	43	38	26
1.700000	44	31	33
1.700000	45	32	32
1.700000	46	34	30
1.700000	47	28	36
1.700000	48	36	28
1.700000	49	37	27
1.700000	50	35	29
1.700000	51	34	30
1.700000	52	30	34
1.700000	53	28	36
1.700000	54	32	32
1.700000	55	37	27
1.700000	56	28	36
1.700000	57	33	31
1.700000	58	33	31
1.700000	59	39	25
1.700000	60	32	32
1.700000	61	22	42
1.700000	62	36	28
1.700000	63	35	29

1.900000	0	43	21
1.900000	1	35	29
1.900000	2	31	33
1.900000	3	26	38
1.900000	4	31	33
1.900000	5	35	29
1.900000	6	27	37
1.900000	7	35	29
1.900000	8	41	23
1.900000	9	40	24
1.900000	10	33	31
1.900000	11	36	28
1.900000	12	30	34
1.900000	13	29	35
1.900000	14	29	35
1.900000	15	30	34
1.900000	16	27	37
1.900000	17	29	35
1.900000	18	21	43
1.900000	19	27	37
1.900000	20	26	38
1.900000	21	37	27
1.900000	22	33	31
1.900000	23	39	25
1.900000	24	34	30
1.900000	25	32	32
1.900000	26	31	33
1.900000	27	35	29
1.900000	28	37	27
1.900000	29	27	37
1.900000	30	26	38
1.900000	31	35	29
1.900000	32	23	41
1.900000	33	25	39
1.900000	34	40	24
1.900000	35	27	37
1.900000	36	33	31
1.900000	37	30	34
1.900000	38	28	36
1.900000	39	38	26
1.900000	40	37	27
1.900000	41	32	32
1.900000	42	40	24
1.900000	43	31	33
1.900000	44	39	25
1.900000	45	24	40
1.900000	46	36	28
1.900000	47	31	33
1.900000	48	28	36
1.900000	49	28	36
1.900000	50	19	45
1.900000	51	29	35
1.900000	52	29	35
1.900000	53	36	28
1.900000	54	29	35
1.900000	55	30	34
1.900000	56	33	31
1.900000	57	40	24
1.900000	58	38	26
1.900000	59	36	28
1.900000	60	34	30
1.900000	61	32	32
1.900000	62	33	31
1.900000	63	33	31

2.100000	0	34	30
2.100000	1	38	26
2.100000	2	29	35
2.100000	3	30	34
2.100000	4	27	37
2.100000	5	33	31
2.100000	6	30	34
2.100000	7	37	27
2.100000	8	34	30
2.100000	9	32	32
2.100000	10	27	37
2.100000	11	39	25
2.100000	12	30	34
2.100000	13	35	29
2.100000	14	25	39
2.100000	15	35	29
2.100000	16	31	33
2.100000	17	25	39
2.100000	18	31	33
2.100000	19	38	26
2.100000	20	37	27
2.100000	21	21	43
2.100000	22	25	39
2.100000	23	39	25
2.100000	24	35	29
2.100000	25	30	34
2.100000	26	26	38
2.100000	27	30	34
2.100000	28	27	37
2.100000	29	27	37
2.100000	30	29	35
2.100000	31	33	31
2.100000	32	22	42
2.100000	33	36	28
2.100000	34	40	24
2.100000	35	35	29
2.100000	36	38	26
2.100000	37	35	29
2.100000	38	33	31
2.100000	39	33	31
2.100000	40	33	31
2.100000	41	37	27
2.100000	42	32	32
2.100000	43	42	22
2.100000	44	25	39
2.100000	45	34	30
2.100000	46	26	38
2.100000	47	26	38
2.100000	48	28	36
2.100000	49	41	23
2.100000	50	35	29
2.100000	51	34	30
2.100000	52	30	34
2.100000	53	37	27
2.100000	54	38	26
2.100000	55	32	32
2.100000	56	41	23
2.100000	57	33	31
2.100000	58	22	42
2.100000	59	28	36
2.100000	60	29	35
2.100000	61	33	31
2.100000	62	30	34
2.100000	63	31	33

2.300000	0	32	32
2.300000	1	35	29
2.300000	2	30	34
2.300000	3	36	28
2.300000	4	35	29
2.300000	5	35	29
2.300000	6	35	29
2.300000	7	33	31
2.300000	8	31	33
2.300000	9	32	32
2.300000	10	35	29
2.300000	11	26	38
2.300000	12	29	35
2.300000	13	27	37
2.300000	14	35	29
2.300000	15	37	27
2.300000	16	37	27
2.300000	17	31	33
2.300000	18	27	37
2.300000	19	35	29
2.300000	20	29	35
2.300000	21	32	32
2.300000	22	34	30
2.300000	23	35	29
2.300000	24	32	32
2.300000	25	38	26
2.300000	26	31	33
2.300000	27	31	33
2.300000	28	32	32
2.300000	29	34	30
2.300000	30	35	29
2.300000	31	37	27
2.300000	32	30	34
2.300000	33	30	34
2.300000	34	34	30
2.300000	35	30	34
2.300000	36	35	29
2.300000	37	26	38
2.300000	38	28	36
2.300000	39	26	38
2.300000	40	28	36
2.300000	41	38	26
2.300000	42	40	24
2.300000	43	36	28
2.300000	44	27	37
2.300000	45	30	34
2.300000	46	29	35
2.300000	47	30	34
2.300000	48	24	40
2.300000	49	35	29
2.300000	50	34	30
2.300000	51	29	35
2.300000	52	26	38
2.300000	53	29	35
2.300000	54	29	35
2.300000	55	36	28
2.300000	56	30	34
2.300000	57	32	32
2.300000	58	33	31
2.300000	59	34	30
2.300000	60	38	26
2.300000	61	31	33
2.300000	62	32	32
2.300000	63	26	38

2.500000	0	33	31
2.500000	1	33	31
2.500000	2	36	28
2.500000	3	38	26
2.500000	4	24	40
2.500000	5	32	32
2.500000	6	28	36
2.500000	7	35	29
2.500000	8	31	33
2.500000	9	32	32
2.500000	10	29	35
2.500000	11	41	23
2.500000	12	40	24
2.500000	13	32	32
2.500000	14	27	37
2.500000	15	36	28
2.500000	16	27	37
2.500000	17	32	32
2.500000	18	31	33
2.500000	19	24	40
2.500000	20	41	23
2.500000	21	32	32
2.500000	22	31	33
2.500000	23	25	39
2.500000	24	31	33
2.500000	25	26	38
2.500000	26	27	37
2.500000	27	35	29
2.500000	28	29	35
2.500000	29	33	31
2.500000	30	39	25
2.500000	31	31	33
2.500000	32	31	33
2.500000	33	35	29
2.500000	34	38	26
2.500000	35	35	29
2.500000	36	37	27
2.500000	37	34	30
2.500000	38	39	25
2.500000	39	33	31
2.500000	40	31	33
2.500000	41	34	30
2.500000	42	29	35
2.500000	43	29	35
2.500000	44	32	32
2.500000	45	29	35
2.500000	46	36	28
2.500000	47	37	27
2.500000	48	29	35
2.500000	49	28	36
2.500000	50	29	35
2.500000	51	24	40
2.500000	52	33	31
2.500000	53	30	34
2.500000	54	29	35
2.500000	55	29	35
2.500000	56	26	38
2.500000	57	31	33
2.500000	58	38	26
2.500000	59	31	33
2.500000	60	35	29
2.500000	61	36	28
2.500000	62	35	29
2.500000	63	25	39

2.700000	0	36	28
2.700000	1	30	34
2.700000	2	32	32
2.700000	3	28	36
2.700000	4	26	38
2.700000	5	27	37
2.700000	6	28	36
2.700000	7	31	33
2.700000	8	29	35
2.700000	9	43	21
2.700000	10	25	39
2.700000	11	33	31
2.700000	12	32	32
2.700000	13	39	25
2.700000	14	36	28
2.700000	15	26	38
2.700000	16	31	33
2.700000	17	36	28
2.700000	18	29	35
2.700000	19	27	37
2.700000	20	35	29
2.700000	21	35	29
2.700000	22	36	28
2.700000	23	31	33
2.700000	24	28	36
2.700000	25	30	34
2.700000	26	35	29
2.700000	27	29	35
2.700000	28	24	40
2.700000	29	24	40
2.700000	30	34	30
2.700000	31	20	44
2.700000	32	34	30
2.700000	33	31	33
2.700000	34	35	29
2.700000	35	35	29
2.700000	36	36	28
2.700000	37	37	27
2.700000	38	34	30
2.700000	39	27	37
2.700000	40	31	33
2.700000	41	32	32
2.700000	42	30	34
2.700000	43	29	35
2.700000	44	43	21
2.700000	45	34	30
2.700000	46	31	33
2.700000	47	32	32
2.700000	48	24	40
2.700000	49	39	25
2.700000	50	28	36
2.700000	51	31	33
2.700000	52	33	31
2.700000	53	29	35
2.700000	54	31	33
2.700000	55	34	30
2.700000	56	37	27
2.700000	57	33	31
2.700000	58	32	32
2.700000	59	29	35
2.700000	60	38	26
2.700000	61	36	28
2.700000	62	34	30
2.700000	63	44	20

2.900000	0	36	28
2.900000	1	37	27
2.900000	2	37	27
2.900000	3	31	33
2.900000	4	36	28
2.900000	5	31	33
2.900000	6	41	23
2.900000	7	35	29
2.900000	8	31	33
2.900000	9	33	31
2.900000	10	33	31
2.900000	11	45	19
2.900000	12	32	32
2.900000	13	32	32
2.900000	14	29	35
2.900000	15	27	37
2.900000	16	32	32
2.900000	17	37	27
2.900000	18	37	27
2.900000	19	35	29
2.900000	20	32	32
2.900000	21	25	39
2.900000	22	30	34
2.900000	23	37	27
2.900000	24	29	35
2.900000	25	27	37
2.900000	26	33	31
2.900000	27	27	37
2.900000	28	40	24
2.900000	29	22	42
2.900000	30	31	33
2.900000	31	35	29
2.900000	32	26	38
2.900000	33	25	39
2.900000	34	35	29
2.900000	35	32	32
2.900000	36	29	35
2.900000	37	29	35
2.900000	38	31	33
2.900000	39	26	38
2.900000	40	36	28
2.900000	41	40	24
2.900000	42	26	38
2.900000	43	31	33
2.900000	44	35	29
2.900000	45	30	34
2.900000	46	32	32
2.900000	47	29	35
2.900000	48	27	37
2.900000	49	34	30
2.900000	50	35	29
2.900000	51	34	30
2.900000	52	34	30
2.900000	53	33	31
2.900000	54	25	39
2.900000	55	29	35
2.900000	56	28	36
2.900000	57	31	33
2.900000	58	37	27
2.900000	59	35	29
2.900000	60	32	32
2.900000	61	33	31
2.900000	62	25	39
2.900000	63	29	35

3.100000	0	28	36
3.100000	1	35	29
3.100000	2	25	39
3.100000	3	36	28
3.100000	4	23	41
3.100000	5	30	34
3.100000	6	35	29
3.100000	7	32	32
3.100000	8	25	39
3.100000	9	32	32
3.100000	10	35	29
3.100000	11	31	33
3.100000	12	34	30
3.100000	13	33	31
3.100000	14	34	30
3.100000	15	32	32
3.100000	16	33	31
3.100000	17	31	33
3.100000	18	32	32
3.100000	19	42	22
3.100000	20	29	35
3.100000	21	37	27
3.100000	22	38	26
3.100000	23	32	32
3.100000	24	30	34
3.100000	25	35	29
3.100000	26	33	31
3.100000	27	35	29
3.100000	28	35	29
3.100000	29	36	28
3.100000	30	33	31
3.100000	31	28	36
3.100000	32	34	30
3.100000	33	28	36
3.100000	34	35	29
3.100000	35	25	39
3.100000	36	29	35
3.100000	37	27	37
3.100000	38	31	33
3.100000	39	30	34
3.100000	40	32	32
3.100000	41	28	36
3.100000	42	27	37
3.100000	43	34	30
3.100000	44	28	36
3.100000	45	39	25
3.100000	46	36	28
3.100000	47	31	33
3.100000	48	33	31
3.100000	49	37	27
3.100000	50	31	33
3.100000	51	30	34
3.100000	52	38	26
3.100000	53	40	24
3.100000	54	26	38
3.100000	55	31	33
3.100000	56	30	34
3.100000	57	38	26
3.100000	58	37	27
3.100000	59	24	40
3.100000	60	27	37
3.100000	61	31	33
3.100000	62	32	32
3.100000	63	30	34

3.300000	0	28	36
3.300000	1	35	29
3.300000	2	36	28
3.300000	3	29	35
3.300000	4	30	34
3.300000	5	24	40
3.300000	6	32	32
3.300000	7	32	32
3.300000	8	38	26
3.300000	9	36	28
3.300000	10	32	32
3.300000	11	33	31
3.300000	12	30	34
3.300000	13	38	26
3.300000	14	42	22
3.300000	15	38	26
3.300000	16	27	37
3.300000	17	33	31
3.300000	18	25	39
3.300000	19	28	36
3.300000	20	38	26
3.300000	21	35	29
3.300000	22	29	35
3.300000	23	24	40
3.300000	24	24	40
3.300000	25	32	32
3.300000	26	25	39
3.300000	27	33	31
3.300000	28	37	27
3.300000	29	33	31
3.300000	30	21	43
3.300000	31	37	27
3.300000	32	31	33
3.300000	33	28	36
3.300000	34	32	32
3.300000	35	33	31
3.300000	36	29	35
3.300000	37	37	27
3.300000	38	35	29
3.300000	39	36	28
3.300000	40	32	32
3.300000	41	31	33
3.300000	42	39	25
3.300000	43	31	33
3.300000	44	34	30
3.300000	45	37	27
3.300000	46	32	32
3.300000	47	34	30
3.300000	48	28	36
3.300000	49	28	36
3.300000	50	31	33
3.300000	51	35	29
3.300000	52	36	28
3.300000	53	33	31
3.300000	54	35	29
3.300000	55	28	36
3.300000	56	33	31
3.300000	57	30	34
3.300000	58	34	30
3.300000	59	28	36
3.300000	60	32	32
3.300000	61	36	28
3.300000	62	34	30
3.300000	63	22	42

