1.954e+30	5.441e+20	-5.599e+20	4.541e+05	-1.235e+06
1.900e+30	6.892e+20	-1.658e+20	4.694e+06	1.270e+06
1.903e+30	-6.028e+19	5.483e+20	3.244e+06	9.493e+05
1.996e+30	-4.080e+20	3.206e+19	-4.962e+06	-3.171e+06
1.898e+30	-3.524e+20	5.191e+20	5.017e+06	-3.866e+06
1.923e+30	-8.924e+20	7.862e+19	-2.231e+06	5.084e+06
1.996e+30	3.763e+19	-4.024e+19	-2.724e+06	-3.925e+06
2.086e+30	-1.475e+20	-2.945e+20	3.970e+06	1.330e+06
1.946e+30	3.671e+20	5.649e+17	2.679e+05	-2.514e+06
2.063e+30	6.250e+20	6.535e+20	-1.438e+06	-2.640e+06
2.058e+30	-2.456e+20	1.033e+20	-5.285e+06	-2.780e+06
1.892e+30	1.030e+20	-2.562e+20	-1.289e+06	-3.714e+06
2.040e+30	-5.079e+20	4.555e+20	-1.583e+06	7.747e+05
2.032e+30	-5.010e+19	-3.395e+19	-1.460e+06	1.164e+06
2.025e+30	-4.257e+19	1.390e+20	3.706e+06	-4.039e+06
1.939e+30	3.935e+20	6.770e+20	8.071e+05	-1.631e+06
1.907e+30	1.297e+20	-5.922e+20	4.864e+06	4.994e+06
1.954e+30	-7.777e+20	-5.868e+20	1.532e+06	-5.019e+06
2.009e+30	4.322e+20	5.156e+20	2.129e+06	-4.479e+06
1.906e+30	-4.497e+20	6.631e+20	-2.859e+06	-1.753e+06
2.083e+30	-1.331e+20	-8.390e+20	5.418e+06	3.025e+06
2.086e+30	1.961e+20	3.291e+20	3.519e+06	-2.217e+06
2.088e+30	-1.478e+19	6.295e+19	5.154e+06	2.105e+06
2.087e+30	6.573e+19	4.288e+19	-3.460e+06	-3.923e+06
1.959e+30	-1.513e+20	6.433e+19	1.666e+06	-1.279e+06
1.915e+30	2.758e+20	-3.676e+19	3.151e+06	2.199e+06
1.891e+30	-1.801e+20	8.403e+20	3.443e+06	-1.325e+06
2.007e+30	5.863e+20	2.897e+20	3.566e+05	3.158e+04
2.027e+30	-4.424e+20	-6.446e+20	-1.398e+06	-1.965e+06
1.890e+30	-3.834e+20	6.224e+20	-1.529e+06	-5.153e+06
2.050e+30	-2.576e+20	-2.305e+20	4.532e+06	2.372e+06
1.919e+30	-1.065e+19	5.625e+20	-3.581e+06	-2.638e+06
1.907e+30	-3.040e+20	5.609e+19	2.308e+06	-7.035e+05
1.984e+30	2.964e+20	8.764e+20	5.146e+06	4.437e+06
1.963e+30	-4.454e+19	6.231e+20	-5.374e+06	-4.528e+06
2.022e+30	-3.573e+20	-1.148e+19	5.461e+06	4.559e+06
2.080e+30	-1.152e+20	5.545e+19	-3.593e+06	2.290e+06
1.950e+30	7.001e+19	4.291e+19	6.993e+05	-5.337e+06
2.084e+30	-4.306e+20	1.212e+20	-5.211e+06	8.605e+05
2.025e+30	1.550e+20	-3.276e+20	-1.204e+06	2.784e+06
1.992e+30	-7.099e+20	6.590e+20	4.488e+06	-3.168e+06
1.914e+30	-3.943e+19	-9.721e+19	1.098e+06	-1.501e+06
1.986e+30	3.517e+20	-2.208e+20	5.011e+06	4.998e+06
2.082e+30	1.504e+20	-9.190e+20	2.936e+06	9.432e+05
2.027e+30	-3.980e+19	8.627e+19	4.850e+06	-3.962e+06
1.987e+30	-2.354e+20	-5.321e+20	-3.411e+06	4.643e+06
1.936e+30	2.356e+19	-1.597e+20	1.095e+06	-4.956e+06
2.019e+30	3.285e+20	3.170e+20	2.601e+05	4.950e+06
1.945e+30	-7.191e+20	5.017e+20	-5.405e+06	-1.853e+06
2.086e+30	1.683e+19	-5.511e+20	1.731e+06	3.564e+06
1.918e+30	-1.061e+20	-1.533e+20	2.305e+06	8.160e+05
2.063e+30	7.339e+20	-5.572e+20	-2.960e+04	-2.238e+06
2.046e+30	-4.161e+19	-1.587e+20	4.897e+06	1.094e+05
1.995e+30	2.405e+20	3.581e+20	1.831e+06	-5.358e+06
1.939e+30	2.636e+20	6.523e+19	1.239e+06	-2.651e+06
2.048e+30	-1.088e+20	-4.033e+19	3.830e+06	1.956e+06
1.969e+30	-1.368e+20	3.208e+20	-2.210e+04	-3.407e+06
2.037e+30	-8.677e+20	1.271e+20	-5.374e+06	-5.478e+06
2.062e+30	6.272e+20	4.864e+20	4.915e+06	-3.320e+06
1.961e+30	-3.744e+20	3.224e+20	4.888e+06	-3.791e+06
2.014e+30	8.612e+20	-4.081e+19	-3.456e+06	9.091e+04
2.032e+30	-1.493e+20	2.680e+19	-5.314e+06	-1.282e+06
2.034e+30	-3.541e+20	3.173e+20	2.056e+06	-4.851e+06
2.078e+30	2.453e+20	-2.545e+20	-5.004e+06	4.570e+06
1.903e+30	-4.896e+20	-1.081e+20	-5.486e+06	-9.508e+05
1.896e+30	6.549e+20	-2.103e+20	1.757e+06	-1.286e+06
1.970e+30	-3.460e+20	4.322e+20	-1.590e+06	4.169e+06
1.912e+30	2.494e+20	4.766e+20	-5.440e+06	-2.572e+06
2.087e+30	6.536e+19	-3.342e+20	-4.275e+06	1.363e+06
1.978e+30	1.073e+20	-3.737e+20	4.103e+06	-3.650e+06
2.030e+30	-8.096e+20	5.561e+20	-4.209e+05	2.549e+06
1.933e+30	-1.635e+19	4.283e+19	3.864e+04	-4.751e+06
1.914e+30	-3.858e+19	-7.587e+20	-9.927e+05	3.165e+06
1.971e+30	-1.497e+20	-3.966e+20	-1.801e+06	4.535e+06
2.077e+30	-5.594e+19	4.224e+19	2.864e+06	4.780e+06
1.892e+30	-6.225e+20	-4.355e+20	1.058e+06	2.026e+06
1.981e+30	-1.144e+20	-2.476e+20	2.631e+06	-1.377e+06
2.060e+30	-2.316e+20	2.244e+20	-4.342e+06	3.892e+06
1.974e+30	-6.799e+20	5.592e+20	3.251e+06	4.184e+06
1.965e+30	7.665e+20	1.160e+19	2.286e+05	-3.660e+06
1.890e+30	2.371e+19	-1.176e+20	4.501e+06	4.360e+06
2.021e+30	4.000e+20	7.881e+19	3.359e+06	-7.130e+05
1.999e+30	4.185e+20	4.293e+20	3.210e+06	4.167e+04
1.933e+30	-2.915e+19	1.505e+19	2.371e+06	-4.690e+06
1.938e+30	-1.876e+19	3.532e+18	5.296e+06	3.432e+06
2.001e+30	4.126e+20	-6.346e+20	2.546e+06	4.450e+06
2.031e+30	-5.296e+19	-3.534e+20	1.855e+06	3.392e+06
1.932e+30	5.669e+20	-6.296e+20	-4.370e+06	-1.999e+06
1.891e+30	-1.136e+19	4.668e+20	-1.195e+06	-5.074e+06
1.962e+30	1.243e+20	-8.793e+20	-4.054e+06	-4.492e+06
2.008e+30	-1.781e+20	4.337e+20	2.799e+06	-4.910e+06
2.007e+30	3.447e+20	3.665e+20	-3.835e+06	5.799e+05
2.081e+30	1.058e+20	5.615e+19	-2.455e+06	-5.709e+05
1.957e+30	-1.475e+19	-4.616e+20	-4.775e+06	8.529e+05
2.055e+30	-2.504e+20	8.607e+20	1.464e+06	-6.775e+05
2.053e+30	7.128e+20	-5.176e+20	1.427e+06	-4.629e+06
1.973e+30	-1.126e+20	3.982e+20	2.440e+06	-2.786e+06
1.992e+30	1.565e+20	-3.069e+20	1.534e+05	-1.825e+06
1.905e+30	5.997e+20	-8.152e+19	-1.805e+06	-4.849e+06
1.914e+30	-4.377e+20	-4.825e+19	2.272e+06	2.841e+06
2.084e+30	6.659e+19	8.504e+20	4.363e+06	3.194e+06
1.967e+30	-4.642e+20	-7.121e+20	-4.766e+06	2.647e+06
2.042e+30	2.121e+20	-5.880e+19	1.903e+06	4.248e+06
2.073e+30	2.816e+20	-7.809e+20	7.361e+05	-4.770e+06
1.996e+30	1.624e+20	-1.589e+20	1.421e+06	4.841e+06
1.962e+30	8.592e+20	2.919e+19	-2.257e+06	1.915e+06
2.076e+30	5.454e+19	6.334e+19	3.764e+06	-3.842e+05
1.937e+30	-6.983e+19	4.975e+19	-1.974e+06	-4.544e+06
1.956e+30	1.460e+19	-5.632e+18	-4.167e+06	-1.228e+06
1.948e+30	7.128e+20	-2.427e+20	1.575e+06	-5.511e+06
2.062e+30	2.509e+18	4.246e+20	-2.582e+06	1.045e+06
1.988e+30	1.045e+19	9.796e+20	1.958e+06	3.231e+06
2.015e+30	-5.151e+20	-4.313e+20	1.440e+06	3.426e+06
1.958e+30	3.600e+20	7.211e+20	-2.604e+06	-4.889e+06
1.984e+30	-1.339e+20	-2.287e+20	1.340e+06	-2.618e+06
1.965e+30	6.853e+20	-3.247e+20	-1.612e+06	-2.931e+06
1.998e+30	-2.039e+18	9.429e+20	-1.706e+06	1.865e+06
1.941e+30	-6.013e+20	4.724e+20	4.076e+06	-2.501e+06
2.027e+30	1.795e+19	-8.106e+19	4.215e+06	4.185e+05
1.890e+30	1.281e+19	2.519e+20	3.292e+05	-1.955e+06
1.956e+30	-8.607e+19	-1.979e+20	4.598e+06	-3.309e+06
1.961e+30	5.269e+20	-4.575e+20	-1.613e+06	1.181e+06
2.044e+30	-6.745e+20	-4.399e+20	-2.907e+05	4.840e+06
1.937e+30	-5.355e+20	-6.925e+19	3.948e+05	4.797e+06
1.958e+30	7.452e+20	-5.632e+20	3.426e+06	7.307e+05
1.895e+30	-1.464e+20	-7.920e+18	-4.755e+06	-5.908e+05
2.034e+30	8.455e+19	6.747e+19	-1.580e+06	-3.507e+06
2.027e+30	-3.846e+19	7.775e+20	-4.317e+06	-1.961e+06
1.966e+30	-2.028e+20	1.729e+20	-1.430e+06	-2.730e+06
2.085e+30	-2.151e+20	-1.315e+19	2.189e+06	-3.054e+06
2.019e+30	-4.506e+20	2.591e+19	4.425e+06	4.417e+06
2.028e+30	4.098e+20	3.284e+19	2.035e+06	2.301e+06
1.890e+30	1.725e+20	5.453e+20	2.536e+05	2.001e+06
1.960e+30	9.399e+19	1.280e+20	-3.775e+06	3.775e+06
1.908e+30	3.530e+20	-6.750e+20	-5.257e+06	1.788e+06
2.047e+30	2.035e+20	1.151e+20	-5.445e+06	-2.349e+05
2.059e+30	2.402e+20	1.779e+19	4.510e+06	2.167e+06
1.978e+30	-5.118e+18	-3.269e+20	-2.099e+06	-1.839e+06
2.034e+30	-4.104e+20	6.578e+20	2.015e+06	2.136e+06
1.935e+30	2.623e+20	9.636e+20	1.794e+06	-7.488e+05
2.031e+30	-9.716e+17	1.353e+19	-7.552e+05	1.084e+06
1.896e+30	2.606e+19	-6.548e+20	-4.513e+06	2.539e+06
1.931e+30	-2.809e+18	5.902e+20	4.048e+06	4.641e+06
1.992e+30	-6.005e+20	-2.012e+20	-4.891e+06	-5.364e+06
2.066e+30	4.476e+20	6.120e+20	5.117e+05	-3.871e+06
2.000e+30	-2.719e+20	-8.273e+20	-3.726e+06	3.020e+06
2.003e+30	-3.712e+20	-5.914e+20	-8.313e+05	4.305e+06
1.891e+30	-2.493e+20	-6.518e+20	-5.199e+06	2.719e+06
2.022e+30	-2.433e+20	6.819e+20	-4.986e+06	2.489e+06
1.894e+30	-7.721e+19	2.094e+20	5.436e+06	-1.053e+06
1.899e+30	-7.717e+19	3.574e+20	-5.302e+06	-3.448e+06
1.972e+30	1.398e+20	3.727e+19	2.977e+06	-1.094e+06
1.997e+30	-5.290e+20	6.245e+20	3.402e+06	5.290e+06
2.056e+30	7.277e+20	4.773e+20	-9.810e+05	-3.897e+06
1.924e+30	-4.332e+20	-4.864e+20	-1.208e+05	-4.085e+06
2.027e+30	-8.532e+19	-9.532e+20	-4.269e+06	4.768e+06
2.051e+30	3.903e+20	7.566e+20	1.624e+05	2.894e+06
2.031e+30	-3.486e+20	6.898e+19	6.495e+05	4.284e+06
1.983e+30	-1.251e+20	4.040e+20	1.725e+06	2.043e+06
2.053e+30	4.040e+20	-5.361e+20	4.910e+06	-5.087e+05
2.088e+30	3.776e+20	-3.015e+20	2.886e+05	-4.241e+06
1.945e+30	-1.577e+20	-3.043e+20	-2.780e+05	-4.522e+06
2.080e+30	2.726e+20	-4.140e+20	-3.744e+06	1.970e+06
2.025e+30	1.033e+20	-9.603e+19	-2.512e+06	2.228e+06
1.951e+30	-6.660e+19	9.499e+20	4.118e+06	-5.511e+06
1.926e+30	3.656e+20	9.250e+20	-1.778e+06	-1.450e+06
1.925e+30	5.068e+20	2.453e+20	-2.224e+05	4.322e+06
2.070e+30	-2.000e+20	2.531e+20	4.498e+06	3.590e+06
2.079e+30	2.745e+18	3.334e+19	-3.574e+06	-1.311e+06
2.079e+30	6.703e+20	-2.685e+20	-4.218e+06	-2.008e+06
1.971e+30	3.341e+20	-5.444e+20	5.089e+06	2.000e+06
1.954e+30	2.938e+20	2.426e+20	-3.704e+06	-1.714e+06
1.900e+30	1.696e+20	4.607e+20	1.800e+06	4.547e+06
2.018e+30	2.858e+20	1.116e+20	-2.916e+06	-4.475e+06
2.030e+30	-5.464e+19	9.950e+20	4.847e+06	-3.370e+06
1.965e+30	2.467e+20	2.171e+20	4.080e+06	-1.318e+06
2.037e+30	-9.214e+18	3.298e+17	-3.869e+06	-1.333e+06
1.981e+30	5.063e+20	-6.229e+20	2.424e+06	1.297e+06
2.059e+30	7.911e+20	-2.178e+19	1.506e+06	8.589e+05
2.039e+30	-9.679e+19	-4.588e+20	-2.637e+06	-1.305e+06
2.080e+30	-2.421e+20	2.724e+20	4.980e+06	3.093e+06
1.967e+30	9.234e+19	-8.267e+19	-4.172e+06	-2.740e+06
2.003e+30	3.522e+20	-7.025e+20	-4.876e+06	3.856e+06
1.911e+30	-3.506e+19	-1.554e+20	1.692e+06	-1.173e+06
2.087e+30	3.366e+20	-7.452e+20	5.353e+06	5.225e+06
2.022e+30	-1.550e+20	1.381e+20	8.604e+05	3.814e+06
1.970e+30	3.171e+20	7.490e+20	-1.311e+05	-5.466e+06
2.019e+30	4.885e+20	2.080e+20	1.801e+06	-1.932e+06
1.969e+30	-2.875e+19	-6.151e+20	-2.025e+04	-1.757e+06
1.929e+30	-2.285e+20	2.022e+20	-2.960e+06	1.174e+06
1.929e+30	-5.298e+20	-2.502e+20	9.170e+05	3.792e+06
2.059e+30	1.363e+20	2.070e+20	1.257e+06	4.205e+05
2.044e+30	-2.803e+20	6.573e+20	5.721e+05	-1.832e+06
1.980e+30	9.196e+20	4.774e+19	-3.601e+06	-4.668e+06
1.937e+30	-7.342e+20	-3.326e+20	2.145e+06	-2.044e+05
2.044e+30	3.886e+20	4.979e+20	-7.806e+05	2.954e+06
1.936e+30	6.215e+20	-1.727e+19	-1.654e+06	4.576e+06
1.935e+30	-1.245e+20	-5.711e+20	-1.466e+06	2.887e+06
2.058e+30	-1.359e+20	-7.074e+20	-2.151e+06	-3.621e+05
2.039e+30	-2.207e+20	-7.143e+20	-1.816e+06	2.534e+06
1.962e+30	-9.082e+20	1.076e+20	-2.546e+06	4.854e+06
1.964e+30	1.325e+20	2.472e+20	-5.149e+06	-2.487e+06
1.894e+30	3.406e+19	-2.776e+19	-2.534e+06	3.897e+06
1.969e+30	-1.362e+20	-5.418e+20	2.023e+06	3.029e+06
2.051e+30	-6.548e+20	1.437e+20	4.703e+05	4.441e+06
1.961e+30	-4.262e+20	4.659e+19	-4.313e+06	-5.407e+06
1.962e+30	-9.160e+20	3.350e+20	-5.371e+06	9.809e+05
2.066e+30	-3.276e+20	-2.160e+20	1.529e+06	-9.764e+05
2.075e+30	-7.968e+19	-1.181e+19	-4.013e+06	-2.667e+06
2.080e+30	1.839e+20	-7.266e+19	4.508e+06	-1.905e+05
2.052e+30	5.364e+20	-5.506e+20	4.233e+06	-1.359e+06
1.961e+30	-2.360e+20	-2.539e+20	-3.145e+06	-2.951e+06
2.010e+30	5.302e+20	-1.897e+19	-3.080e+06	-3.750e+06
2.057e+30	-1.760e+20	5.180e+20	-5.205e+06	-2.910e+06
2.058e+30	6.622e+20	-7.624e+19	-4.833e+06	-2.143e+06
1.964e+30	1.543e+20	-2.843e+20	-3.230e+06	-2.086e+06
1.898e+30	3.263e+18	9.150e+20	-3.608e+06	-4.117e+06
2.087e+30	1.082e+19	-7.854e+18	-5.262e+06	5.025e+06
1.996e+30	5.889e+19	7.933e+19	5.448e+06	4.479e+05
2.012e+30	-5.263e+18	1.727e+19	1.938e+06	3.129e+06
1.939e+30	1.316e+20	-8.028e+20	2.112e+05	-5.112e+06
2.071e+30	2.436e+19	-8.287e+19	1.882e+06	5.097e+06
2.075e+30	-1.142e+19	6.098e+19	-1.057e+06	-1.131e+06
2.069e+30	4.302e+20	2.744e+20	-1.952e+06	-3.887e+05
2.001e+30	4.955e+20	6.385e+20	-3.423e+06	-8.769e+05
1.963e+30	-1.694e+20	-3.264e+20	3.972e+06	-3.075e+06
1.961e+30	2.287e+20	-5.280e+20	-3.372e+06	-3.948e+06
1.963e+30	-5.826e+20	1.771e+20	-2.644e+06	-4.101e+06
1.926e+30	1.709e+20	-7.367e+20	-2.356e+06	4.194e+06
1.958e+30	4.676e+20	7.774e+20	2.583e+06	2.274e+06
1.972e+30	-3.652e+19	-2.911e+20	-3.053e+05	4.673e+06
2.052e+30	-7.640e+19	-6.942e+20	-4.784e+06	4.827e+06
1.965e+30	2.542e+20	-1.328e+20	-4.522e+06	4.776e+06
2.073e+30	-8.460e+20	1.285e+20	1.472e+06	3.002e+06
1.892e+30	-2.514e+20	6.070e+20	8.109e+04	-1.005e+06
1.907e+30	5.337e+18	1.690e+20	-2.018e+05	-3.283e+06
2.044e+30	4.223e+20	-3.636e+20	-1.317e+06	-1.644e+06
2.005e+30	-1.720e+20	-3.754e+20	2.210e+06	-5.327e+06
1.932e+30	7.880e+20	-4.463e+20	1.641e+06	2.251e+06
1.952e+30	-6.243e+19	2.319e+20	5.236e+06	2.320e+06
2.027e+30	-1.913e+20	-8.380e+20	-4.167e+06	4.594e+06
1.996e+30	1.856e+20	5.077e+18	2.034e+06	-3.042e+06
1.898e+30	-7.676e+20	-3.175e+20	-3.197e+06	3.187e+06
1.902e+30	-6.614e+20	5.603e+19	-3.280e+06	8.391e+05
1.902e+30	5.102e+20	3.356e+20	-4.761e+05	4.350e+06
2.036e+30	-6.280e+20	-5.987e+20	-2.115e+06	1.902e+06
1.899e+30	2.455e+20	-5.817e+20	3.133e+06	1.169e+06
1.957e+30	-4.106e+20	-2.557e+20	-9.865e+05	2.381e+06
2.078e+30	-9.004e+20	4.275e+20	7.172e+05	2.646e+06
1.989e+30	3.533e+20	3.755e+20	4.966e+06	-2.356e+06
2.053e+30	-3.937e+19	-2.242e+20	-5.043e+06	-3.349e+06
2.040e+30	-3.857e+20	-5.756e+20	-1.207e+06	-4.696e+06
1.980e+30	4.860e+20	-4.087e+20	2.235e+06	-1.362e+06
2.045e+30	-5.707e+20	7.987e+19	-1.612e+06	1.110e+06
1.958e+30	-2.280e+20	1.276e+19	-3.937e+06	-4.790e+06
1.942e+30	-5.751e+20	1.826e+20	-4.376e+06	-3.377e+06
2.007e+30	2.835e+19	3.672e+20	-4.709e+06	-4.632e+06
1.993e+30	-4.685e+20	-7.586e+20	-1.584e+06	3.293e+06
2.085e+30	2.244e+20	-1.381e+20	-1.666e+06	3.908e+06
2.042e+30	8.472e+20	-2.763e+20	-2.396e+06	4.069e+05
1.891e+30	-3.780e+20	-7.119e+20	2.228e+06	5.250e+06
2.051e+30	-5.604e+19	5.087e+19	-3.983e+06	7.470e+05
2.086e+30	-8.199e+20	-2.703e+20	4.667e+05	-3.434e+06
1.897e+30	-6.071e+20	-7.526e+20	-8.462e+05	-3.344e+06
2.052e+30	-2.775e+20	1.847e+20	-7.634e+05	1.663e+06
2.000e+30	1.251e+18	9.447e+20	4.719e+05	-4.286e+06
1.975e+30	8.023e+20	-9.186e+19	3.404e+06	-4.688e+06
1.962e+30	-6.562e+20	-1.037e+20	-2.655e+06	-1.038e+06
1.969e+30	-7.037e+20	-6.629e+20	-4.960e+06	-9.202e+05
2.049e+30	3.877e+20	-4.240e+19	1.175e+06	1.407e+06
2.028e+30	3.136e+20	-5.615e+20	2.120e+06	1.334e+06
1.993e+30	5.708e+20	-6.655e+20	-2.617e+06	3.853e+06
2.016e+30	3.342e+20	-5.661e+20	5.447e+06	-4.774e+06
1.943e+30	-4.168e+20	-1.050e+20	2.035e+06	-2.233e+06
2.064e+30	-7.247e+19	4.826e+17	-4.130e+06	3.202e+06
1.982e+30	4.190e+19	4.517e+20	-7.548e+05	5.343e+06
1.987e+30	5.243e+20	-5.077e+20	4.279e+06	-1.616e+06
1.927e+30	-2.378e+20	-1.772e+20	5.162e+06	5.315e+05
1.944e+30	-1.224e+20	3.166e+20	2.031e+06	-4.844e+06
2.076e+30	3.243e+20	-6.773e+20	-1.006e+06	3.053e+06
1.912e+30	4.488e+20	-1.887e+20	-1.439e+06	2.091e+06
2.066e+30	-3.634e+20	-2.074e+20	4.646e+06	-1.484e+06
2.077e+30	-1.540e+20	5.249e+20	1.618e+06	-2.392e+06
1.956e+30	5.680e+20	1.493e+20	-3.371e+06	3.577e+06
1.955e+30	-1.882e+20	-5.276e+20	-1.556e+06	2.661e+06
1.956e+30	5.247e+19	2.171e+20	3.319e+06	-1.600e+06
2.025e+30	6.732e+20	2.737e+20	-4.006e+06	-1.509e+06
2.026e+30	-7.304e+20	-2.912e+20	-4.251e+06	-2.864e+06
1.988e+30	9.243e+20	1.172e+20	1.707e+06	-2.705e+06
2.083e+30	8.555e+20	3.122e+20	-1.990e+06	1.156e+06
2.048e+30	-4.236e+19	3.934e+20	-3.867e+06	-3.894e+06
1.917e+30	3.391e+19	7.839e+20	3.524e+06	6.889e+05
2.003e+30	-7.168e+20	-5.243e+20	-4.442e+06	-3.238e+05
2.006e+30	8.611e+20	5.523e+19	-1.128e+05	-3.024e+06
2.014e+30	-6.655e+20	7.240e+20	4.042e+06	-5.015e+06
2.011e+30	-6.342e+20	6.598e+20	-8.244e+05	5.201e+06
1.991e+30	-4.444e+20	5.973e+20	-4.913e+06	1.562e+06
1.928e+30	-4.988e+20	6.597e+20	-3.338e+06	8.759e+05
2.081e+30	1.887e+20	2.508e+20	1.202e+06	-1.961e+06
2.063e+30	-5.380e+20	1.887e+20	-3.224e+06	3.301e+06
1.954e+30	-2.001e+19	2.276e+20	-1.066e+05	5.480e+06
2.057e+30	8.171e+20	-3.808e+20	4.679e+06	-5.224e+06
2.057e+30	-1.321e+19	8.591e+20	2.762e+06	5.288e+06
1.903e+30	-2.590e+20	2.996e+20	-2.498e+06	-2.914e+06
2.085e+30	2.125e+20	6.586e+20	-1.189e+06	4.897e+06
2.062e+30	-1.175e+20	-1.936e+20	-2.524e+06	-5.287e+06
1.966e+30	-6.322e+20	-4.890e+20	5.199e+06	3.905e+06
1.990e+30	6.811e+20	-4.645e+20	2.222e+06	3.999e+05
1.901e+30	-3.947e+20	4.694e+19	-1.854e+06	-4.641e+06
1.988e+30	6.258e+20	1.366e+20	-4.612e+06	1.437e+06
1.993e+30	8.627e+19	4.331e+20	-3.289e+06	-3.036e+06
1.919e+30	-3.155e+20	-6.245e+20	-3.043e+06	-4.342e+05
2.073e+30	-1.603e+18	2.115e+19	1.097e+06	-3.557e+06
2.055e+30	-3.866e+20	4.233e+20	1.376e+06	2.616e+06
2.038e+30	-8.298e+20	1.287e+20	2.116e+04	2.947e+06
1.933e+30	3.942e+20	6.257e+20	-3.668e+04	-3.300e+06
1.945e+30	-1.594e+20	-3.565e+20	5.211e+06	3.306e+06
1.996e+30	-6.449e+19	3.994e+20	-2.790e+06	4.053e+06
1.988e+30	-7.776e+20	-5.305e+20	-1.966e+06	4.819e+06
2.077e+30	3.008e+20	4.294e+19	-3.738e+05	2.361e+06
2.076e+30	2.242e+20	8.905e+19	4.202e+06	-2.557e+06
2.034e+30	-7.858e+20	3.528e+20	5.573e+05	-3.299e+06
2.019e+30	3.993e+20	5.752e+20	-4.926e+06	-2.566e+04
2.036e+30	-1.778e+20	3.416e+20	-4.212e+06	5.279e+06
2.009e+30	-3.471e+20	4.978e+18	4.052e+06	3.026e+06
2.020e+30	-7.722e+20	4.023e+20	2.222e+06	-3.709e+06
2.016e+30	-8.931e+19	-7.612e+20	2.231e+06	-1.049e+06
2.046e+30	-2.637e+20	-2.849e+20	-4.673e+06	-4.357e+06
1.930e+30	5.751e+20	8.101e+20	1.275e+05	-5.711e+05
2.088e+30	1.161e+20	-1.769e+20	2.798e+03	-3.401e+06
2.069e+30	2.497e+20	-6.969e+20	-2.658e+06	-3.039e+06
1.948e+30	5.497e+20	-2.093e+20	-4.948e+06	-2.043e+06
2.050e+30	-1.620e+20	-1.775e+20	-2.012e+06	1.445e+05
2.025e+30	6.013e+19	-1.411e+20	3.573e+06	6.273e+05
2.003e+30	-3.934e+20	-2.316e+20	-3.591e+06	4.650e+06
2.088e+30	1.220e+20	7.481e+20	3.793e+06	-1.069e+06
1.920e+30	2.400e+20	-2.668e+20	4.417e+06	2.166e+06
1.972e+30	6.136e+20	1.763e+20	-2.274e+06	-4.033e+06
1.901e+30	-2.117e+20	5.315e+20	4.455e+06	-5.467e+06
1.891e+30	3.273e+19	-1.153e+20	-4.327e+06	-3.744e+06
1.968e+30	7.896e+20	9.493e+18	-3.179e+06	-2.822e+06
2.086e+30	-4.912e+20	-6.213e+20	-1.823e+06	3.243e+06
1.932e+30	-5.224e+20	4.533e+20	-2.795e+06	4.902e+06
2.014e+30	-2.874e+20	2.966e+20	-3.516e+06	-4.491e+06
2.043e+30	-3.417e+20	-2.629e+20	4.523e+06	4.887e+06
1.947e+30	-1.252e+20	1.743e+20	5.559e+05	3.432e+06
1.929e+30	-3.645e+19	-1.487e+20	-2.492e+06	3.087e+06
1.955e+30	-5.964e+20	1.023e+20	-2.953e+06	-5.877e+05
2.018e+30	8.802e+19	-3.560e+20	8.013e+05	8.188e+05
1.933e+30	2.079e+19	-8.741e+20	-3.758e+05	1.520e+06
1.940e+30	-1.848e+18	-5.895e+20	5.055e+06	-4.738e+06
2.028e+30	-8.036e+20	1.379e+19	2.515e+06	-2.944e+06
1.992e+30	-1.218e+18	-4.131e+18	-3.410e+06	4.646e+05
1.977e+30	-4.306e+19	2.781e+19	3.907e+06	3.209e+06
1.993e+30	4.747e+20	4.031e+20	2.032e+06	-2.574e+05
1.982e+30	3.609e+20	1.822e+20	-1.944e+06	5.217e+06
1.989e+30	2.493e+20	-1.816e+20	3.854e+06	-4.073e+06
1.930e+30	-2.430e+20	3.219e+20	-5.284e+06	4.623e+06
1.961e+30	3.832e+20	-3.485e+20	-1.302e+06	-2.748e+06
2.022e+30	8.876e+18	-3.859e+20	6.203e+05	-3.315e+06
2.067e+30	-7.840e+20	1.589e+20	4.764e+06	2.852e+06
1.909e+30	-1.734e+20	-6.094e+20	-1.634e+06	5.353e+05
1.894e+30	-8.450e+20	2.982e+20	2.154e+05	-3.738e+06
2.027e+30	-1.286e+19	9.278e+20	3.556e+06	-3.502e+05
1.892e+30	-1.014e+20	3.985e+19	-1.969e+06	3.392e+06
1.968e+30	2.293e+19	-2.190e+19	-1.077e+06	-4.477e+06
1.899e+30	-2.658e+20	-4.096e+20	5.985e+05	-2.357e+06
2.078e+30	8.210e+20	2.069e+20	2.276e+06	4.802e+06
1.903e+30	3.023e+20	-2.480e+20	-5.150e+06	-1.026e+06
2.061e+30	4.274e+20	-1.866e+20	-4.937e+06	-5.154e+06
1.960e+30	8.960e+20	1.664e+20	-3.918e+06	6.389e+05
1.916e+30	-5.100e+20	2.666e+20	-5.294e+06	1.514e+06
1.935e+30	-1.931e+20	-8.199e+20	2.143e+06	-3.386e+06
1.976e+30	5.869e+20	6.933e+20	5.458e+06	4.396e+06
1.991e+30	-2.973e+20	2.792e+20	-1.104e+06	4.847e+05
2.047e+30	3.116e+20	-4.080e+20	5.356e+06	3.666e+06
2.058e+30	-3.932e+20	-4.336e+19	-5.317e+06	-3.042e+06
2.056e+30	-8.896e+19	1.516e+20	-2.239e+06	-3.029e+06
2.059e+30	-3.151e+20	-9.494e+19	-2.005e+06	-4.496e+06
2.078e+30	7.087e+19	-1.393e+20	-1.312e+06	3.242e+06
1.913e+30	3.789e+19	3.986e+18	-3.472e+06	3.545e+05
2.037e+30	1.706e+20	1.762e+20	-5.376e+06	-7.339e+05
2.034e+30	9.103e+19	1.167e+20	-4.237e+06	3.248e+06
2.003e+30	2.075e+20	-8.077e+20	-3.574e+06	-2.897e+06
2.000e+30	7.988e+18	1.421e+19	1.679e+06	5.238e+06
2.018e+30	9.324e+18	1.119e+19	-4.313e+06	-1.583e+06
1.927e+30	4.292e+20	7.943e+20	-3.510e+06	7.730e+05
1.989e+30	-1.611e+20	-3.586e+20	-6.053e+05	6.373e+05
1.964e+30	4.055e+20	8.478e+19	3.629e+06	-2.011e+06
1.981e+30	7.159e+20	-9.258e+19	-2.906e+06	-2.930e+06
1.944e+30	-1.774e+20	4.181e+20	1.073e+05	-3.167e+06
1.971e+30	-3.335e+20	-2.916e+20	1.846e+06	-5.012e+06
2.024e+30	1.018e+19	-5.169e+19	1.246e+06	1.614e+06
1.990e+30	-5.401e+19	1.742e+20	4.389e+06	2.968e+06
1.905e+30	-3.308e+19	-3.949e+20	2.461e+06	4.061e+06
1.913e+30	4.922e+19	-1.060e+19	-4.772e+06	2.554e+06
2.083e+30	9.260e+18	1.101e+20	-2.062e+06	-1.032e+06
2.056e+30	-1.239e+20	-3.916e+20	-3.673e+06	-2.869e+06
2.046e+30	-4.866e+20	-5.909e+20	4.740e+04	-2.268e+06
2.030e+30	-7.925e+19	-8.148e+20	2.338e+06	-1.554e+06
1.914e+30	-3.039e+20	-8.425e+20	-4.860e+06	1.748e+06
2.074e+30	4.450e+20	-6.031e+20	4.456e+06	-6.904e+05
1.964e+30	3.091e+19	-3.430e+20	-3.583e+06	1.276e+06
2.011e+30	4.435e+20	-5.209e+19	-5.409e+06	2.887e+06
2.053e+30	-2.371e+20	1.822e+20	-2.740e+05	-4.381e+06
1.953e+30	9.782e+20	2.039e+20	-3.054e+06	1.833e+06
2.083e+30	5.534e+20	-2.703e+20	4.262e+06	-3.577e+05
1.942e+30	1.345e+20	4.324e+17	-1.546e+06	1.721e+06
1.969e+30	-4.155e+20	-2.024e+20	8.016e+05	-4.986e+06
2.049e+30	-1.043e+20	-3.856e+20	-4.630e+06	-1.511e+06
1.905e+30	9.934e+18	8.282e+18	5.349e+05	-2.316e+06
2.024e+30	2.830e+18	5.808e+19	-3.853e+06	-4.095e+06
2.012e+30	-4.101e+20	4.561e+18	2.091e+06	-5.301e+06
1.937e+30	7.035e+19	9.180e+19	-4.830e+06	-1.224e+06
1.892e+30	-1.094e+18	1.196e+20	2.153e+06	-5.011e+06
1.961e+30	-6.681e+19	-8.065e+20	-2.711e+06	-4.871e+06
1.890e+30	6.642e+20	3.584e+20	-4.122e+05	-2.015e+06
1.991e+30	-2.023e+18	-5.839e+18	2.137e+06	-5.672e+05
1.926e+30	2.094e+20	-8.028e+20	-1.277e+06	2.121e+06
1.998e+30	2.825e+20	2.243e+20	-2.794e+06	2.111e+06
1.976e+30	1.534e+19	5.363e+19	-2.814e+06	-4.735e+05
1.949e+30	9.394e+20	-1.031e+20	4.221e+06	-4.023e+06
1.981e+30	-6.201e+20	8.543e+19	-2.086e+06	2.245e+05
2.025e+30	2.029e+20	7.700e+19	-4.462e+06	-4.974e+06
1.951e+30	-5.269e+19	-2.556e+20	2.182e+05	-1.497e+06
1.954e+30	4.875e+20	-3.053e+20	-1.383e+06	4.959e+06
1.913e+30	6.555e+20	-3.114e+20	4.283e+05	7.533e+05
1.944e+30	-1.258e+19	-6.562e+20	3.430e+06	-2.601e+06
1.896e+30	-3.247e+19	7.071e+20	1.462e+06	-2.407e+06
2.058e+30	8.484e+20	-2.850e+20	-1.542e+06	-1.986e+06
2.026e+30	-1.266e+19	-6.134e+18	-3.108e+06	-3.282e+06
2.045e+30	-3.180e+19	1.599e+19	4.027e+06	1.739e+06
2.034e+30	-2.527e+20	-2.299e+20	1.803e+06	-2.451e+06
2.060e+30	-2.761e+20	-3.134e+20	-2.459e+06	-2.228e+06
1.974e+30	-6.418e+20	-3.824e+20	5.271e+06	2.533e+06
1.985e+30	-5.309e+20	-2.346e+20	-9.156e+05	-2.561e+06
1.995e+30	-6.599e+20	5.237e+20	-5.985e+05	4.946e+06
1.951e+30	-5.147e+17	9.691e+19	2.262e+06	2.388e+06
2.060e+30	-2.333e+19	-7.654e+19	3.025e+06	3.979e+06
2.033e+30	-6.363e+20	2.204e+20	4.055e+06	5.054e+05
1.932e+30	1.757e+19	1.090e+20	-5.100e+06	6.740e+05
2.069e+30	-6.087e+18	-1.539e+19	3.227e+06	1.727e+05
1.963e+30	7.094e+19	-1.650e+20	-3.102e+06	-3.199e+06
2.049e+30	1.669e+20	-2.040e+20	-1.053e+06	-1.600e+06
1.946e+30	1.450e+20	-7.732e+19	3.769e+05	-2.983e+06
1.973e+30	6.496e+20	-1.094e+20	-3.269e+06	2.013e+06
1.984e+30	3.031e+20	1.052e+20	-2.028e+06	-8.011e+05
1.898e+30	5.336e+20	1.964e+20	3.177e+06	3.521e+06
1.893e+30	5.887e+20	-2.510e+19	-2.797e+06	-4.512e+06
1.962e+30	3.761e+20	-3.278e+20	3.187e+06	4.187e+06
1.921e+30	2.868e+20	-8.682e+19	-1.504e+06	-6.430e+05
2.012e+30	1.786e+20	2.687e+20	-5.457e+06	-4.080e+06
1.980e+30	5.621e+19	2.922e+20	-1.690e+06	-5.326e+06
1.894e+30	-8.435e+20	-6.420e+19	-2.557e+06	-1.261e+06
2.075e+30	5.999e+20	1.060e+20	-3.139e+06	5.122e+06
2.003e+30	5.185e+18	4.333e+20	-1.719e+06	1.261e+06
1.921e+30	-2.130e+20	-6.467e+20	-5.583e+05	1.347e+06
1.960e+30	-4.732e+20	3.079e+19	-8.419e+05	5.294e+06
2.029e+30	-4.162e+19	2.362e+19	1.259e+05	-5.117e+05
2.071e+30	6.063e+20	2.483e+20	1.645e+06	-1.056e+06
2.006e+30	-5.789e+19	1.679e+20	1.106e+06	3.463e+06
2.071e+30	-2.486e+20	-6.334e+20	3.725e+06	-4.590e+06
2.028e+30	-9.592e+20	2.541e+20	1.547e+06	2.004e+06
1.961e+30	3.092e+20	1.243e+20	5.226e+06	5.245e+06
2.084e+30	-9.545e+20	2.321e+18	1.461e+06	4.344e+06
1.930e+30	8.690e+20	3.448e+20	1.429e+06	2.660e+06
1.971e+30	7.643e+19	2.710e+20	1.009e+06	-5.215e+06
1.947e+30	2.191e+20	-3.577e+18	4.208e+06	3.231e+06
1.973e+30	-7.138e+20	-4.860e+20	-2.802e+06	4.336e+06
2.084e+30	3.533e+18	4.816e+20	1.900e+06	4.166e+06
1.940e+30	-4.109e+20	2.309e+20	-1.756e+06	1.822e+05
2.048e+30	4.246e+20	1.515e+20	3.888e+06	-4.089e+05
1.946e+30	8.435e+20	2.983e+20	2.973e+06	-2.863e+06
2.051e+30	-4.822e+19	-1.821e+19	2.010e+06	-2.188e+06
2.071e+30	3.913e+20	-3.057e+20	4.887e+06	-1.879e+06
1.895e+30	5.311e+20	1.926e+20	-1.748e+06	1.874e+06
1.981e+30	6.301e+20	-7.720e+19	-2.511e+06	1.055e+06
2.045e+30	8.340e+20	5.047e+20	3.561e+06	-5.119e+06
2.066e+30	5.790e+19	-4.473e+20	1.187e+06	2.467e+06
1.949e+30	4.508e+20	4.682e+20	5.947e+05	-8.940e+05
1.975e+30	-7.045e+19	-2.914e+20	4.514e+06	2.344e+06
1.948e+30	-1.613e+20	3.482e+20	4.312e+05	-4.525e+06
2.001e+30	3.984e+19	-1.136e+19	2.063e+06	2.290e+06
2.081e+30	4.078e+20	-2.574e+20	-2.674e+06	3.006e+06
1.946e+30	3.649e+20	-8.691e+19	3.972e+06	4.992e+04
2.053e+30	1.040e+20	1.826e+20	5.072e+06	2.115e+06
2.047e+30	5.891e+20	-1.217e+20	5.237e+05	-2.730e+06
2.042e+30	-7.870e+20	-3.408e+20	1.342e+06	4.525e+06
2.000e+30	3.176e+20	-9.224e+20	4.029e+06	3.443e+06
1.928e+30	-1.023e+20	7.163e+20	3.253e+06	3.654e+06
1.963e+30	-5.591e+20	-2.171e+20	4.488e+06	2.726e+06
1.907e+30	-4.464e+20	-4.219e+20	1.173e+06	5.528e+05
2.069e+30	-3.355e+20	8.872e+20	2.211e+06	-1.550e+06
1.891e+30	5.125e+20	-7.088e+20	-3.342e+06	-5.229e+06
2.078e+30	5.794e+19	1.057e+20	-2.771e+06	3.776e+05
1.925e+30	-1.218e+20	-3.333e+20	-5.090e+06	2.406e+06
1.914e+30	3.084e+20	-6.915e+20	4.022e+06	4.844e+06
2.064e+30	-4.694e+20	5.562e+20	-2.342e+06	-3.745e+06
1.982e+30	2.533e+20	1.419e+20	-2.208e+06	1.544e+06
1.967e+30	-4.631e+20	-3.058e+20	-2.575e+06	2.640e+06
1.909e+30	-1.086e+20	-8.319e+19	-1.119e+06	4.372e+06
1.914e+30	-3.850e+19	8.161e+18	5.084e+05	-1.502e+06
1.976e+30	-6.944e+20	-5.711e+20	7.877e+05	3.753e+06
1.944e+30	2.129e+19	3.483e+19	-3.788e+06	-3.935e+06
1.906e+30	8.488e+20	-9.155e+19	3.788e+06	1.840e+06
1.987e+30	1.765e+19	2.142e+19	5.226e+06	-3.629e+06
1.904e+30	-6.265e+20	7.452e+20	5.240e+06	5.284e+06
2.007e+30	1.317e+20	-1.256e+20	-3.493e+06	4.091e+06
2.022e+30	7.618e+18	3.262e+19	-1.639e+06	5.168e+06
1.991e+30	-1.756e+20	4.757e+20	2.890e+06	-4.662e+06
2.000e+30	3.265e+20	-1.384e+20	-4.588e+06	2.779e+05
2.026e+30	6.822e+20	-1.050e+19	-2.640e+06	3.574e+05
1.982e+30	2.350e+19	9.940e+20	4.410e+06	5.489e+06
2.079e+30	-1.224e+20	4.918e+20	-3.964e+06	-3.688e+06
1.932e+30	-5.785e+20	-4.899e+20	-2.972e+06	-1.714e+06
2.050e+30	3.193e+20	-7.764e+20	1.835e+06	-5.019e+06
2.030e+30	-3.326e+20	-5.769e+20	-7.647e+05	-3.325e+06
1.954e+30	1.949e+20	6.105e+19	5.290e+06	4.174e+06
1.917e+30	1.845e+20	-5.658e+20	-1.269e+05	1.145e+06
1.929e+30	-1.017e+20	2.753e+20	-4.473e+06	4.443e+06
1.904e+30	-5.881e+18	-1.663e+19	4.493e+06	-3.065e+06
1.991e+30	-5.470e+19	-1.488e+19	-4.450e+06	-4.586e+06
1.933e+30	7.716e+20	-3.384e+20	2.898e+06	4.742e+06
1.915e+30	-6.299e+20	-2.277e+20	4.691e+05	-5.101e+06
1.977e+30	1.894e+20	-3.720e+20	-2.164e+06	-2.009e+06
2.037e+30	-2.971e+20	-5.428e+20	2.845e+06	3.086e+06
2.067e+30	9.405e+19	-9.683e+19	3.038e+05	-1.558e+05
1.901e+30	3.542e+19	1.010e+20	-5.136e+06	4.029e+06
1.975e+30	3.420e+19	2.405e+20	-3.779e+06	4.998e+06
2.056e+30	-1.747e+19	-1.318e+20	2.080e+06	-4.363e+06
1.934e+30	-8.853e+18	1.074e+20	2.235e+06	2.264e+06
1.916e+30	-9.046e+19	-1.955e+20	-3.082e+06	4.595e+06
1.955e+30	-2.542e+20	2.188e+20	1.392e+06	3.266e+05
2.039e+30	2.157e+19	4.409e+20	-3.734e+06	4.595e+06
1.907e+30	1.904e+20	-6.244e+20	1.108e+06	-7.174e+05
2.053e+30	6.678e+19	-8.572e+18	1.877e+06	-1.852e+06
1.950e+30	-7.277e+20	-1.980e+20	1.229e+06	-2.126e+06
2.043e+30	-8.162e+19	5.530e+20	-9.389e+05	4.527e+06
2.009e+30	1.868e+19	-3.675e+20	1.684e+06	6.333e+05
1.953e+30	5.129e+20	-5.665e+20	1.639e+06	-4.442e+06
1.985e+30	4.019e+20	6.905e+20	2.277e+06	-6.815e+05
2.052e+30	-1.957e+20	5.477e+19	-1.012e+06	-4.393e+06
2.044e+30	-1.687e+20	-5.840e+19	1.011e+06	-1.585e+05
1.947e+30	-2.809e+20	3.585e+20	3.615e+06	-1.633e+05
2.050e+30	2.767e+20	-2.696e+20	6.060e+05	-5.209e+06
1.893e+30	-1.530e+19	9.314e+20	-4.489e+06	2.074e+06
1.930e+30	-7.053e+19	-5.358e+19	-2.676e+06	2.574e+06
2.037e+30	3.914e+20	-2.818e+20	-2.165e+06	2.774e+06
1.974e+30	2.503e+20	-2.282e+20	-1.016e+05	-1.257e+06
1.936e+30	4.753e+19	3.098e+19	-4.935e+05	-4.733e+06
1.920e+30	-6.315e+20	4.381e+20	-3.998e+06	-1.304e+06
2.048e+30	1.820e+20	1.475e+20	-3.067e+06	1.760e+06
2.033e+30	7.556e+20	-3.372e+20	-7.443e+05	4.887e+06
1.994e+30	5.914e+20	2.680e+20	3.580e+06	-2.009e+06
2.018e+30	5.281e+20	-3.815e+19	5.105e+06	-3.452e+06
2.049e+30	1.513e+20	1.519e+20	-1.838e+06	-4.621e+06
1.976e+30	9.006e+19	6.949e+19	-3.361e+05	-4.500e+06
2.033e+30	-4.218e+20	-8.179e+19	2.038e+06	-1.233e+05
1.942e+30	6.506e+20	2.133e+20	1.801e+06	-4.930e+06
1.939e+30	-4.491e+20	1.636e+20	-2.745e+05	5.238e+06
2.022e+30	-9.585e+19	8.278e+19	3.951e+05	2.358e+06
1.985e+30	-1.533e+20	-6.736e+19	-3.028e+06	2.723e+04
1.939e+30	7.007e+20	2.963e+20	2.745e+06	-1.960e+06
2.009e+30	-1.981e+20	7.013e+20	-2.042e+05	2.447e+06
2.009e+30	-8.631e+20	-1.927e+20	-3.953e+06	-1.876e+06
2.084e+30	-2.448e+20	-5.151e+19	-4.831e+06	-1.846e+06
1.982e+30	5.242e+20	4.828e+20	-5.371e+06	5.169e+06
1.942e+30	-3.955e+18	4.508e+19	-2.148e+06	1.892e+06
1.981e+30	-2.675e+20	-2.612e+20	-5.340e+06	-4.875e+06
1.957e+30	-9.703e+19	3.096e+20	1.874e+06	1.036e+06
2.075e+30	-8.147e+18	-2.350e+18	-5.269e+06	2.465e+06
1.901e+30	-4.600e+20	-9.073e+19	-3.957e+05	5.790e+05
1.901e+30	-6.819e+20	-1.309e+20	1.433e+06	-2.026e+06
1.904e+30	-7.058e+20	-9.910e+19	3.065e+05	-1.812e+06
2.088e+30	-3.455e+20	-2.870e+20	1.217e+05	-2.276e+06
2.070e+30	-8.061e+19	2.356e+19	-1.599e+06	-1.842e+05
1.969e+30	-4.358e+20	7.515e+20	3.795e+06	5.508e+06
2.072e+30	-4.941e+19	8.231e+20	3.197e+06	3.231e+06
1.966e+30	-4.806e+18	3.149e+20	1.041e+06	-5.291e+06
2.006e+30	1.022e+20	1.273e+20	5.069e+06	1.388e+06
2.054e+30	-4.486e+20	-6.134e+20	4.865e+06	-4.689e+06
1.936e+30	-3.462e+19	-2.393e+19	2.169e+06	3.834e+06
2.071e+30	-2.206e+20	3.574e+20	4.504e+06	3.417e+06
1.898e+30	-1.122e+20	-1.921e+20	-4.651e+06	-4.289e+06
1.900e+30	-9.284e+18	-1.678e+17	2.348e+06	-1.996e+05
2.033e+30	5.335e+20	-7.707e+20	-4.316e+06	-4.237e+06
2.017e+30	1.714e+20	2.043e+20	-4.931e+06	-1.579e+06
2.055e+30	-3.733e+20	-4.032e+19	-3.518e+06	-4.970e+06
1.970e+30	-2.177e+20	-1.117e+20	3.107e+06	2.028e+06
1.927e+30	8.880e+18	1.284e+20	-5.246e+06	1.929e+06
2.045e+30	-3.638e+20	1.524e+20	4.125e+05	-5.079e+06
2.033e+30	1.916e+20	2.106e+20	-5.224e+05	-5.282e+06
2.055e+30	-2.702e+20	-7.711e+20	9.203e+05	3.072e+05
1.904e+30	-4.827e+19	3.080e+20	-8.653e+05	2.592e+06
1.945e+30	4.186e+19	1.404e+20	5.304e+06	-1.525e+06
2.003e+30	9.281e+19	-5.385e+19	1.588e+06	-3.475e+06
2.061e+30	-5.071e+19	-7.263e+20	5.442e+06	5.362e+06
1.993e+30	3.531e+20	-7.698e+20	-1.858e+06	3.740e+06
2.051e+30	-5.818e+20	-5.773e+20	2.022e+06	2.304e+06
2.067e+30	-1.203e+20	6.900e+20	1.073e+06	-5.385e+06
1.948e+30	-1.587e+19	2.815e+19	-4.603e+06	-3.874e+06
2.038e+30	-5.933e+20	5.326e+18	5.233e+06	-1.840e+06
1.972e+30	7.177e+20	-3.239e+20	-4.162e+06	-2.130e+06
1.896e+30	6.113e+20	-4.682e+20	4.095e+06	5.417e+05
1.921e+30	4.056e+20	4.253e+20	3.540e+06	-9.990e+04
1.967e+30	6.941e+20	1.539e+20	-3.386e+06	3.239e+06
2.073e+30	-4.898e+20	6.225e+20	-4.030e+06	-3.766e+06
1.961e+30	-1.278e+20	4.181e+19	1.593e+06	2.081e+06
1.911e+30	6.774e+18	-3.613e+20	-3.161e+06	2.971e+06
2.031e+30	4.933e+20	2.128e+20	-7.958e+04	3.252e+05
1.959e+30	-8.520e+20	-1.162e+19	-5.790e+05	-5.087e+06
2.052e+30	-1.995e+19	-6.040e+19	-5.492e+06	1.459e+06
1.975e+30	3.721e+20	7.108e+19	4.663e+05	4.532e+06
1.890e+30	5.293e+20	4.400e+20	1.012e+06	4.523e+06
1.896e+30	-2.477e+19	5.385e+19	2.278e+06	-4.453e+06
2.033e+30	-3.697e+19	-3.431e+19	-4.228e+06	4.374e+06
1.994e+30	3.949e+20	-6.572e+20	-2.501e+06	-3.228e+06
1.984e+30	2.986e+19	4.561e+19	1.968e+06	-4.116e+06
2.079e+30	-8.632e+19	-3.090e+20	2.735e+06	3.386e+06
2.042e+30	9.669e+19	-6.761e+20	2.084e+06	5.105e+06
1.994e+30	-4.978e+20	-8.625e+20	-2.713e+06	1.925e+06
2.059e+30	-2.187e+20	-1.022e+20	2.078e+06	-4.502e+06
2.064e+30	2.808e+20	6.278e+19	-1.160e+06	5.277e+06
1.925e+30	-4.872e+19	-6.061e+20	5.353e+06	4.459e+06
1.950e+30	1.780e+20	7.745e+18	-2.554e+06	4.185e+06
1.981e+30	1.646e+20	-1.297e+20	3.523e+06	2.832e+06
2.031e+30	1.519e+18	-1.214e+20	-5.506e+06	2.978e+06
2.001e+30	9.772e+19	-4.979e+20	5.060e+05	1.038e+06
1.956e+30	1.518e+20	7.368e+20	2.968e+06	3.391e+06
1.901e+30	-6.734e+20	6.215e+20	3.427e+06	-3.619e+06
1.949e+30	4.548e+19	-4.847e+18	3.691e+06	4.778e+06
2.079e+30	4.773e+19	-1.380e+20	6.488e+05	-3.939e+06
2.008e+30	-4.152e+19	-6.488e+19	4.676e+05	4.591e+06
1.995e+30	-3.972e+19	5.772e+17	-3.521e+06	-3.822e+05
1.900e+30	-2.351e+18	5.821e+19	4.579e+06	5.512e+06
2.070e+30	3.099e+20	2.254e+20	7.960e+05	4.460e+06
1.913e+30	-5.065e+20	5.629e+19	-6.678e+05	-1.658e+06
1.960e+30	1.199e+20	-5.487e+19	-4.977e+06	-3.180e+06
2.024e+30	7.787e+20	5.023e+20	6.111e+05	-3.225e+06
2.088e+30	-3.349e+20	1.037e+20	4.653e+06	2.947e+06
2.012e+30	3.903e+20	-7.492e+20	2.127e+05	-1.388e+06
1.893e+30	1.851e+20	1.872e+19	-1.335e+06	-1.148e+06
1.977e+30	-5.789e+19	-8.087e+19	4.170e+06	-3.054e+06
2.048e+30	-9.688e+19	-5.851e+18	8.695e+05	-3.836e+06
1.915e+30	-2.021e+20	-8.723e+20	3.716e+06	3.472e+06
2.011e+30	-3.239e+20	-1.648e+20	2.035e+06	4.150e+06
1.949e+30	6.177e+20	-5.438e+20	-3.462e+05	-2.228e+06
2.049e+30	2.701e+20	-7.007e+20	2.196e+06	4.287e+06
1.957e+30	-6.820e+19	-9.929e+19	6.620e+05	-2.892e+06
2.045e+30	-7.395e+17	-1.866e+20	3.894e+06	4.636e+06
2.031e+30	-1.774e+20	-7.556e+20	8.780e+05	5.296e+06
2.051e+30	-4.062e+20	5.623e+20	-1.940e+06	2.351e+06
2.088e+30	-3.229e+20	-2.373e+20	4.489e+06	-4.114e+06
1.996e+30	1.010e+20	6.290e+19	7.287e+04	2.397e+06
1.951e+30	-3.072e+20	7.693e+20	-4.676e+06	1.226e+06
2.084e+30	-4.326e+20	3.301e+19	-2.666e+06	1.249e+06
1.915e+30	-9.986e+19	-2.327e+20	-2.102e+05	1.977e+06
1.946e+30	4.027e+19	-1.958e+19	-5.389e+06	-9.271e+05
1.897e+30	-6.335e+18	-8.874e+18	3.798e+05	-1.920e+06
1.945e+30	-4.874e+20	-3.003e+20	5.857e+05	1.628e+06
2.050e+30	-8.008e+19	-1.576e+20	6.079e+05	4.707e+06
2.040e+30	-9.501e+20	-2.007e+20	5.154e+06	4.855e+06
2.005e+30	-4.470e+20	-1.142e+20	-2.425e+06	2.427e+06
1.979e+30	3.873e+19	2.652e+19	-4.453e+06	6.594e+05
2.022e+30	4.147e+20	2.549e+20	-1.195e+06	-3.332e+06
1.993e+30	4.524e+20	3.337e+20	-1.884e+06	4.611e+06
2.015e+30	-1.118e+20	1.703e+19	-4.872e+06	-4.429e+06
1.997e+30	1.134e+20	6.000e+19	1.158e+06	4.593e+06
2.018e+30	6.042e+20	1.760e+20	3.557e+06	2.401e+06
1.999e+30	-8.026e+19	-9.754e+20	-1.990e+06	2.149e+06
2.072e+30	-7.861e+19	-1.241e+20	-5.898e+05	-4.951e+06
2.013e+30	4.259e+20	-3.647e+20	-8.400e+05	4.122e+06
1.892e+30	1.882e+20	-1.147e+20	3.337e+06	4.362e+06
2.054e+30	1.565e+20	-6.937e+20	1.776e+05	3.344e+06
1.991e+30	-1.869e+19	3.911e+20	-2.176e+06	-1.885e+06
2.015e+30	2.381e+20	8.555e+19	-3.624e+06	-4.372e+06
1.973e+30	-1.310e+20	4.015e+20	2.758e+06	5.059e+04
2.047e+30	-3.236e+20	-3.624e+20	2.615e+06	5.649e+04
1.946e+30	-1.833e+19	4.680e+19	-2.131e+06	3.975e+06
2.007e+30	-1.683e+20	7.074e+19	-3.748e+06	-1.386e+06
2.085e+30	-1.240e+20	4.731e+19	1.051e+06	-1.807e+05
2.067e+30	-4.738e+20	8.327e+20	2.949e+06	5.562e+05
2.053e+30	-2.823e+20	6.302e+20	-1.718e+06	1.015e+04
2.083e+30	-2.139e+20	-1.745e+20	6.074e+05	-1.057e+06
1.941e+30	-7.409e+20	4.105e+20	-3.873e+06	-2.179e+06
1.996e+30	8.852e+20	3.507e+20	5.239e+06	-4.678e+06
1.921e+30	3.013e+18	9.495e+19	-2.564e+06	1.162e+06
1.920e+30	3.534e+20	6.744e+20	1.947e+06	-4.939e+06
1.913e+30	-1.778e+20	-3.409e+19	2.729e+06	-3.209e+06
1.976e+30	2.576e+20	-5.525e+20	1.429e+05	4.887e+06
2.043e+30	-1.221e+19	-9.951e+20	-6.740e+05	-3.207e+06
2.007e+30	-1.144e+20	8.718e+19	4.883e+06	3.365e+06
2.057e+30	1.501e+20	2.715e+20	-2.205e+06	4.274e+06
1.955e+30	-1.775e+20	-7.130e+20	-2.777e+06	1.265e+06
1.934e+30	-7.197e+19	-6.213e+19	3.637e+06	3.676e+06
2.033e+30	-4.595e+19	1.351e+20	4.922e+06	-2.855e+06
2.004e+30	7.742e+20	-2.957e+20	4.579e+06	3.470e+06
1.987e+30	-7.563e+20	-4.701e+20	-3.015e+06	1.108e+06
2.052e+30	-8.912e+20	-8.838e+19	2.417e+06	3.134e+06
2.028e+30	7.989e+19	-2.098e+19	4.572e+06	-7.048e+04
2.023e+30	4.722e+20	-1.776e+19	4.615e+06	-2.013e+06
2.009e+30	4.819e+20	8.422e+19	4.774e+05	-4.844e+06
1.997e+30	4.316e+19	4.388e+20	-1.498e+06	-1.073e+06
1.990e+30	6.438e+20	-6.444e+20	4.362e+06	2.477e+06
1.929e+30	-2.966e+18	-3.022e+19	-4.468e+05	-2.394e+06
2.059e+30	2.736e+20	4.023e+19	-2.795e+06	-3.163e+06
2.033e+30	-5.604e+19	-5.756e+19	-5.472e+06	-2.579e+06
2.032e+30	-4.710e+19	4.204e+20	-1.768e+06	-4.391e+06
1.923e+30	-2.741e+17	-2.393e+18	3.077e+06	4.128e+06
1.900e+30	1.688e+20	6.447e+18	7.595e+05	4.135e+06
2.067e+30	-7.235e+20	2.065e+20	1.507e+06	-3.734e+06
1.969e+30	4.037e+20	6.998e+19	1.357e+06	-4.281e+06
1.911e+30	1.245e+20	8.240e+19	5.964e+05	-4.326e+06
2.024e+30	-1.474e+20	-7.379e+19	-9.108e+05	-1.678e+06
2.085e+30	-9.150e+19	1.263e+20	-2.861e+06	4.039e+06
2.022e+30	6.907e+20	7.079e+20	-2.262e+06	-2.757e+06
1.962e+30	9.862e+19	-5.480e+20	1.557e+06	-8.999e+05
1.954e+30	-7.606e+20	4.601e+20	5.221e+06	-4.586e+06
1.923e+30	5.617e+20	-2.566e+20	-2.535e+06	4.182e+06
1.896e+30	7.075e+20	3.638e+20	1.123e+06	-1.399e+06
1.891e+30	2.394e+20	3.945e+20	-4.179e+05	-2.466e+06
1.928e+30	-3.232e+20	-4.571e+20	3.776e+06	-6.196e+05
2.065e+30	3.535e+20	1.448e+20	-3.381e+06	-1.361e+06
1.962e+30	-9.368e+19	1.554e+20	-1.533e+06	4.626e+06
1.933e+30	1.506e+19	6.972e+19	-9.237e+05	4.813e+06
2.043e+30	-7.488e+20	-6.532e+20	7.136e+04	5.145e+06
1.990e+30	2.309e+20	-1.059e+20	-1.197e+06	-2.258e+06
1.944e+30	4.742e+20	-4.058e+19	5.475e+06	-3.231e+06
1.963e+30	9.822e+19	-1.503e+20	1.876e+06	3.009e+06
1.914e+30	3.750e+20	1.345e+20	2.767e+05	-6.156e+05
2.066e+30	-5.568e+19	-8.250e+19	1.264e+06	2.679e+06
1.921e+30	-1.064e+20	9.196e+19	-1.668e+06	-5.124e+06
1.901e+30	-1.671e+20	4.636e+19	5.352e+06	1.949e+06
1.966e+30	-5.681e+20	-4.391e+20	-1.778e+06	-1.001e+06
2.020e+30	3.687e+20	7.078e+20	-3.760e+06	-3.633e+06
1.947e+30	-9.207e+20	2.383e+20	-3.462e+06	3.309e+06
1.966e+30	-1.540e+20	-7.674e+20	-3.657e+06	-3.427e+06
1.971e+30	6.727e+20	-6.627e+20	4.141e+06	-4.500e+06
2.022e+30	-7.167e+19	1.507e+20	-2.647e+06	-5.150e+06
2.013e+30	-3.408e+20	1.144e+20	-3.259e+06	5.339e+06
1.930e+30	5.554e+19	-1.786e+19	4.886e+06	3.827e+06
1.917e+30	1.194e+20	-3.736e+20	3.272e+06	-4.533e+06
2.067e+30	-6.988e+19	-6.529e+20	1.247e+06	2.322e+06
2.056e+30	-1.776e+20	-4.161e+18	2.885e+06	1.579e+06
1.994e+30	-5.972e+20	3.679e+20	-5.279e+06	5.260e+05
1.960e+30	9.089e+20	-1.378e+20	-7.466e+05	-1.598e+06
1.949e+30	1.071e+20	1.793e+20	-1.584e+06	-4.186e+05
2.050e+30	-1.267e+20	-5.366e+20	-2.998e+06	1.554e+05
2.042e+30	5.033e+19	-8.992e+19	-1.800e+06	5.174e+06
2.072e+30	-5.359e+20	-2.429e+19	2.343e+06	-5.389e+06
2.014e+30	-5.643e+20	-1.025e+20	4.600e+06	-1.839e+06
2.065e+30	4.724e+20	-3.208e+20	-2.028e+06	-1.362e+06
2.031e+30	5.336e+19	-9.847e+18	4.843e+06	4.373e+06
1.918e+30	-2.311e+20	2.158e+20	4.306e+06	1.402e+06
2.050e+30	-5.584e+20	-4.895e+20	-4.796e+06	-4.304e+06
1.970e+30	5.808e+20	-5.460e+20	1.736e+06	-4.675e+06
2.019e+30	3.475e+20	-9.490e+19	-3.676e+06	-3.255e+06
1.981e+30	-2.046e+20	-3.320e+20	3.883e+06	-1.808e+06
2.049e+30	5.557e+20	2.313e+20	2.034e+06	5.127e+06
2.085e+30	1.148e+20	7.266e+20	-2.033e+06	2.523e+06
2.046e+30	3.899e+20	-8.209e+20	-4.667e+06	5.003e+06
1.976e+30	-7.120e+20	-9.183e+19	2.283e+06	-5.490e+06
1.989e+30	1.634e+20	-6.455e+19	2.780e+05	3.451e+06
1.929e+30	2.758e+19	-1.248e+20	-1.163e+06	2.859e+06
2.066e+30	-8.006e+19	1.679e+20	3.784e+06	-2.506e+06
1.978e+30	-1.040e+20	5.060e+18	-3.353e+06	-3.422e+06
2.063e+30	3.715e+20	-2.129e+20	3.000e+06	-7.220e+05
1.991e+30	-2.689e+20	5.295e+20	2.648e+06	7.128e+05
1.920e+30	5.113e+18	-7.337e+20	-1.697e+06	-4.496e+06
1.923e+30	-9.219e+20	2.178e+19	4.899e+06	4.038e+06
1.892e+30	-1.237e+20	-2.564e+20	2.359e+06	-3.698e+06
1.957e+30	-7.898e+20	5.577e+20	-1.540e+06	-4.939e+06
2.080e+30	-3.859e+20	-2.808e+20	9.150e+05	3.498e+06
2.055e+30	1.031e+20	-9.269e+20	1.607e+06	-1.892e+06
2.002e+30	-4.151e+20	-3.748e+20	-3.161e+06	4.575e+06
1.921e+30	1.175e+20	6.130e+20	1.958e+04	1.781e+06
1.949e+30	-7.058e+20	-5.967e+20	-4.108e+06	2.668e+06
1.902e+30	1.238e+20	1.046e+20	-2.629e+06	8.330e+05
2.051e+30	9.694e+19	6.571e+18	-6.754e+05	-1.643e+06
2.059e+30	-7.500e+20	-2.259e+20	-4.136e+06	2.411e+06
1.910e+30	-2.122e+20	-2.352e+20	4.081e+06	3.567e+06
1.994e+30	1.380e+19	1.000e+20	3.166e+06	-1.447e+06
1.896e+30	-3.888e+20	7.872e+20	-2.985e+06	-1.721e+06
2.035e+30	2.050e+20	4.852e+19	5.220e+06	1.966e+06
1.963e+30	5.077e+19	-6.386e+19	-5.349e+06	2.547e+06
2.041e+30	-1.479e+20	-8.542e+20	-2.660e+06	-3.254e+06
2.017e+30	7.750e+20	-4.047e+20	3.389e+06	-3.216e+06
1.947e+30	1.834e+20	-1.701e+20	-2.646e+06	8.958e+05
2.043e+30	-6.036e+19	-6.514e+20	7.004e+05	1.151e+06
1.893e+30	4.715e+20	-2.163e+19	4.957e+06	-1.768e+06
1.998e+30	-8.703e+20	1.409e+20	-1.340e+06	-2.556e+06
1.939e+30	-1.509e+20	-1.906e+20	-2.106e+06	-1.080e+05
2.024e+30	3.522e+20	-2.174e+20	4.378e+05	1.639e+06
1.973e+30	7.521e+19	-2.136e+20	-3.671e+06	-5.159e+06
1.928e+30	-6.353e+20	4.110e+20	3.138e+06	4.818e+06
1.991e+30	-7.738e+20	3.043e+20	2.238e+06	2.933e+06
1.992e+30	5.184e+20	-2.429e+18	1.525e+06	-4.549e+06
2.085e+30	6.872e+19	2.327e+20	5.060e+06	-2.414e+06
2.068e+30	-9.102e+17	9.552e+19	-5.220e+06	-3.171e+05
1.977e+30	-3.062e+20	1.920e+18	-1.892e+05	-2.517e+06
2.060e+30	7.014e+20	-6.015e+19	2.999e+06	-3.533e+06
1.952e+30	-4.316e+20	2.786e+20	1.630e+06	-5.412e+06
2.030e+30	1.652e+20	2.162e+19	-4.497e+06	-4.608e+06
1.955e+30	-3.348e+20	-7.288e+20	3.653e+06	5.009e+06
1.923e+30	4.438e+20	1.763e+20	-2.211e+06	4.068e+06
2.025e+30	-1.760e+20	8.198e+19	-3.320e+06	1.373e+06
1.909e+30	3.221e+19	-6.501e+18	5.075e+06	3.031e+06
2.000e+30	6.078e+20	5.177e+20	-2.382e+06	-9.179e+05
2.061e+30	1.808e+19	8.808e+20	-3.946e+06	-4.014e+04
2.058e+30	-2.009e+20	1.773e+20	3.463e+05	-9.187e+05
1.976e+30	5.208e+19	-4.203e+20	9.260e+05	3.047e+05
1.977e+30	6.709e+20	7.934e+18	3.602e+06	4.266e+06
1.974e+30	1.338e+20	3.257e+20	-1.136e+06	-4.258e+06
1.964e+30	2.275e+20	3.020e+20	1.322e+06	2.754e+06
1.891e+30	-1.807e+20	-3.507e+20	4.270e+06	-5.500e+06
1.900e+30	-1.411e+20	-2.393e+20	-2.524e+06	-4.463e+06
2.013e+30	2.151e+20	-2.747e+20	3.487e+06	-2.314e+06
1.923e+30	-6.204e+20	5.145e+20	1.049e+06	2.953e+06
2.014e+30	3.112e+20	-1.109e+20	7.494e+05	-3.676e+06
1.981e+30	2.832e+20	-7.071e+20	5.064e+06	4.534e+04
1.901e+30	-1.402e+19	-3.294e+20	-6.474e+05	-3.974e+06
1.934e+30	-9.145e+20	3.152e+20	2.071e+06	5.454e+06
2.012e+30	-1.430e+20	5.521e+20	-6.863e+05	-4.873e+06
1.964e+30	5.186e+20	-6.481e+20	-2.150e+06	-1.809e+06
1.960e+30	7.401e+20	-5.149e+20	-4.581e+06	3.834e+06
1.992e+30	3.285e+20	-4.167e+20	4.825e+06	3.438e+06
1.947e+30	3.144e+20	-8.307e+20	4.292e+06	-3.494e+06
1.982e+30	1.045e+20	9.645e+19	-5.062e+06	2.900e+06
1.895e+30	-3.656e+20	-1.680e+20	-9.163e+05	-2.341e+06
2.080e+30	8.462e+20	-4.195e+20	-3.560e+06	2.284e+06
1.991e+30	2.433e+20	1.179e+20	4.435e+06	2.099e+06
1.890e+30	-2.413e+20	-8.142e+19	-2.167e+06	-3.926e+06
1.937e+30	1.189e+20	-6.954e+19	-5.336e+06	-4.096e+06
1.938e+30	-6.183e+20	1.702e+20	-3.511e+06	1.454e+06
1.908e+30	2.604e+20	2.300e+20	4.612e+06	-4.413e+06
2.082e+30	7.875e+19	6.349e+20	3.592e+06	-5.188e+05
2.057e+30	3.379e+20	8.700e+20	-1.353e+05	1.982e+06
1.941e+30	-1.690e+20	3.436e+20	4.799e+05	1.281e+06
2.035e+30	-8.149e+20	5.222e+20	-5.384e+06	9.200e+04
2.021e+30	-5.473e+20	1.057e+20	6.807e+05	4.293e+06
1.958e+30	4.479e+20	-3.529e+20	3.922e+06	3.894e+05
2.024e+30	-8.685e+20	1.916e+20	-3.385e+06	3.733e+06
1.891e+30	-8.849e+20	3.234e+20	4.901e+06	-3.173e+06
2.008e+30	-9.165e+20	-9.788e+19	-2.045e+06	-2.592e+06
1.942e+30	-1.377e+20	-2.655e+20	-6.206e+05	5.142e+06
1.927e+30	-5.430e+20	-5.857e+20	3.460e+06	3.255e+06
2.047e+30	1.054e+20	2.353e+20	-1.775e+06	-4.319e+06
2.041e+30	-4.755e+20	-2.618e+20	-4.680e+06	5.346e+04
2.046e+30	-2.084e+20	3.809e+20	-4.137e+06	-1.950e+06
2.013e+30	7.291e+20	4.400e+20	-4.438e+06	1.014e+06
2.085e+30	4.032e+20	-1.792e+20	4.853e+06	3.651e+06
2.006e+30	-1.884e+18	-2.532e+18	4.184e+06	-2.239e+06
1.982e+30	5.854e+18	-2.583e+20	-5.110e+06	-5.186e+06
2.060e+30	2.640e+20	3.769e+20	-3.593e+06	2.740e+06
2.023e+30	3.925e+20	1.279e+20	3.326e+06	-4.085e+06
2.086e+30	4.798e+20	3.754e+20	8.325e+05	1.391e+06
1.961e+30	5.453e+20	1.624e+20	4.368e+06	3.797e+06
1.925e+30	4.389e+20	7.716e+20	-3.348e+05	-8.547e+05
1.895e+30	-8.423e+20	-1.397e+20	1.138e+06	1.711e+04
1.922e+30	-2.095e+20	-3.388e+19	4.333e+06	1.014e+06
2.064e+30	-2.210e+20	-7.996e+20	2.563e+05	-4.915e+06
2.004e+30	4.159e+20	7.956e+20	3.120e+06	-2.901e+06
1.898e+30	8.125e+20	2.901e+20	-7.907e+05	1.953e+06
2.053e+30	-4.943e+20	-7.595e+20	2.288e+04	1.869e+06
1.974e+30	-4.797e+20	4.022e+19	-1.979e+06	5.253e+06
2.008e+30	1.508e+20	3.723e+20	9.755e+05	-4.569e+06
1.947e+30	2.699e+20	4.377e+20	-1.333e+06	-4.884e+06
2.074e+30	1.425e+20	6.960e+20	5.359e+06	4.543e+06
2.003e+30	-1.778e+20	6.229e+20	5.337e+06	-5.457e+06
1.999e+30	-5.656e+19	1.933e+20	2.117e+06	-1.047e+06
1.979e+30	9.831e+20	1.291e+20	-2.253e+05	4.870e+06
2.085e+30	-2.331e+20	6.304e+19	-3.990e+06	4.392e+06
2.087e+30	2.178e+20	6.625e+20	3.899e+06	-1.716e+06
1.901e+30	-9.603e+19	-5.127e+19	3.262e+06	3.286e+06
1.931e+30	4.022e+20	-2.676e+20	-4.952e+05	2.588e+05
1.906e+30	-5.852e+20	4.455e+20	2.931e+06	-2.017e+06
1.941e+30	-5.255e+20	-5.045e+20	-5.396e+06	-2.083e+06
2.074e+30	3.736e+18	-3.271e+19	-1.651e+06	3.356e+06
1.938e+30	3.936e+19	-3.895e+19	-4.335e+06	3.709e+06
1.918e+30	-4.161e+20	-6.747e+20	1.938e+06	-7.470e+05
1.971e+30	2.460e+20	2.791e+20	-6.300e+05	1.993e+06
1.904e+30	7.493e+19	-5.372e+20	4.660e+06	7.196e+05
1.923e+30	8.013e+20	-1.055e+20	-4.117e+06	1.697e+06
1.971e+30	8.108e+20	3.857e+20	-1.139e+06	-9.438e+03
2.031e+30	1.126e+20	-3.123e+20	1.973e+06	2.404e+06
1.941e+30	3.007e+20	-6.727e+19	4.089e+06	-2.685e+06
1.946e+30	5.912e+20	6.789e+19	-4.952e+06	2.656e+06
1.988e+30	-1.532e+20	4.632e+19	3.705e+06	2.903e+06
1.934e+30	1.669e+20	-3.897e+19	3.288e+06	-2.580e+06
1.917e+30	2.521e+19	1.125e+18	-4.765e+05	3.328e+06
2.012e+30	1.600e+20	-6.089e+20	4.214e+06	2.100e+06
2.039e+30	3.580e+20	-3.749e+20	-2.931e+06	3.434e+05
2.061e+30	3.014e+20	-2.893e+20	4.473e+06	-9.934e+05
1.945e+30	4.762e+19	5.378e+19	-2.468e+06	-3.895e+06
2.082e+30	3.246e+20	1.002e+20	4.835e+06	7.595e+05
1.967e+30	4.567e+19	4.159e+20	4.146e+06	-3.177e+06
2.044e+30	7.531e+20	2.166e+20	5.143e+06	-2.731e+06
2.048e+30	-1.100e+19	-1.799e+19	-5.033e+06	4.347e+06
2.052e+30	-7.499e+20	4.301e+20	-7.841e+05	-3.376e+06
2.020e+30	-4.549e+20	-8.174e+20	2.696e+06	-4.557e+06
2.075e+30	5.758e+20	-3.239e+20	2.280e+05	-7.551e+05
1.987e+30	-7.613e+18	-6.699e+18	-2.936e+06	3.836e+06
1.933e+30	-7.632e+19	2.898e+19	1.447e+06	5.368e+06
1.940e+30	-1.800e+20	-1.391e+19	7.753e+05	1.778e+06
2.028e+30	8.117e+19	-7.038e+19	1.732e+06	-1.182e+06
1.956e+30	4.200e+20	-8.736e+20	4.749e+06	8.728e+05
1.997e+30	8.738e+20	2.282e+20	2.667e+06	-9.414e+05
2.016e+30	8.140e+20	-2.354e+20	-2.364e+05	-4.337e+06
1.936e+30	-2.216e+19	-2.074e+20	1.145e+06	-1.869e+05
2.087e+30	1.072e+20	2.346e+20	5.367e+06	-3.308e+06
1.955e+30	2.598e+20	2.590e+20	2.238e+05	4.748e+05
2.045e+30	-3.057e+20	2.944e+20	-3.909e+05	4.047e+06
2.067e+30	9.571e+19	-5.151e+20	-4.094e+06	-2.179e+06
1.915e+30	-9.400e+20	-1.043e+20	9.243e+05	2.477e+06
1.993e+30	1.332e+20	2.638e+20	1.833e+06	1.055e+04
2.052e+30	-7.506e+19	7.101e+19	1.371e+06	-2.208e+06
2.043e+30	-2.459e+20	-2.282e+20	-3.288e+06	-4.716e+06
2.023e+30	-1.339e+20	-2.884e+19	-3.764e+06	-3.918e+06
1.986e+30	6.861e+19	-1.883e+20	-3.174e+06	-4.395e+06
1.945e+30	6.793e+20	2.622e+19	3.936e+06	-1.534e+06
1.892e+30	-4.746e+20	-4.312e+20	5.500e+06	2.039e+06
1.980e+30	-2.178e+19	2.614e+20	-2.808e+06	-4.334e+06
1.949e+30	-8.843e+20	1.380e+20	-2.733e+06	3.383e+06
2.042e+30	-2.317e+20	-1.341e+20	2.175e+06	1.932e+06
1.948e+30	8.742e+18	-3.794e+19	4.809e+06	-2.073e+06
2.047e+30	2.179e+18	4.587e+20	-2.190e+06	-3.328e+06
1.895e+30	-3.097e+20	4.075e+20	-5.088e+06	3.897e+06
1.921e+30	-4.433e+20	-8.367e+19	1.741e+06	-1.159e+06
1.893e+30	3.163e+20	-9.652e+19	2.546e+06	2.788e+05
1.975e+30	-5.961e+20	1.367e+20	-2.836e+06	5.595e+05
2.079e+30	2.294e+20	-1.542e+20	5.319e+06	4.109e+06
1.946e+30	-4.492e+19	-5.310e+20	1.066e+06	1.333e+06
1.946e+30	-5.586e+20	-6.705e+20	5.390e+06	-2.700e+06
1.946e+30	5.547e+19	8.895e+19	-1.467e+06	1.784e+06
1.920e+30	3.515e+19	-2.346e+19	-9.975e+05	5.066e+06
2.004e+30	-5.153e+20	2.581e+20	1.924e+06	-5.159e+06
1.972e+30	3.180e+20	1.316e+20	-5.461e+06	2.396e+06
2.032e+30	-2.132e+20	2.937e+20	-5.102e+06	-3.731e+06
1.940e+30	6.346e+20	3.081e+20	-4.064e+06	3.689e+06
2.069e+30	-4.797e+20	-4.788e+20	4.244e+06	4.097e+06
1.987e+30	1.629e+19	-7.580e+20	-3.590e+06	-4.544e+06
2.050e+30	-3.230e+20	-6.427e+20	-4.889e+06	2.956e+06
1.897e+30	-5.715e+20	7.699e+20	1.523e+06	-4.188e+06
1.932e+30	4.480e+19	-1.998e+20	-5.370e+06	-3.920e+06
2.029e+30	-3.638e+20	2.268e+20	4.664e+06	5.033e+06
2.004e+30	-4.960e+19	2.645e+20	-4.708e+05	-1.689e+05
2.088e+30	-1.085e+19	2.757e+18	3.938e+06	-2.652e+06
1.948e+30	-1.322e+19	-6.085e+19	-3.499e+06	-5.102e+06
1.991e+30	1.228e+20	4.729e+20	-3.411e+06	-5.087e+06
2.008e+30	-4.144e+20	-7.236e+20	3.837e+06	-1.323e+06
2.064e+30	-4.994e+20	-1.164e+20	-1.587e+06	-2.322e+06
1.955e+30	3.579e+19	-4.250e+19	5.057e+05	-5.468e+06
1.920e+30	-5.736e+20	-7.443e+20	2.945e+05	4.385e+06
1.945e+30	1.360e+20	2.994e+20	9.825e+05	3.736e+06
1.990e+30	7.245e+20	2.587e+20	2.788e+05	1.906e+06
2.041e+30	1.904e+20	8.026e+20	-2.251e+06	4.581e+06
2.021e+30	-1.220e+20	-1.504e+20	4.746e+06	1.238e+06
2.079e+30	-1.189e+20	-1.380e+20	3.760e+05	4.237e+06
2.042e+30	2.412e+19	-2.050e+19	-4.298e+06	9.666e+05
2.034e+30	3.897e+20	-8.372e+20	-4.269e+04	-2.816e+06
2.083e+30	-1.674e+20	1.962e+20	1.065e+05	-2.469e+06
2.033e+30	-2.084e+20	5.871e+20	-4.457e+06	-2.136e+06
1.937e+30	1.909e+19	3.612e+19	7.176e+05	-1.754e+06
2.049e+30	7.729e+18	5.904e+20	5.422e+05	1.608e+06
1.896e+30	4.376e+20	-7.926e+20	-2.399e+06	-5.028e+05
2.072e+30	4.993e+20	6.994e+20	1.564e+05	-2.300e+06
1.928e+30	-8.095e+19	-1.299e+20	-8.553e+05	3.543e+06
1.943e+30	1.563e+20	-6.493e+19	2.104e+06	2.982e+06
2.031e+30	4.886e+20	3.290e+20	4.160e+06	-4.121e+06
2.046e+30	-1.350e+20	4.346e+19	-4.966e+06	-3.487e+06
1.951e+30	-7.466e+20	-5.297e+20	-4.430e+06	1.301e+06
2.077e+30	-1.356e+20	-7.018e+19	1.650e+06	-2.235e+06
1.905e+30	-2.931e+20	-1.147e+20	-3.523e+06	5.264e+06
1.955e+30	3.614e+20	2.754e+20	1.889e+06	-5.201e+06
1.998e+30	8.066e+20	4.121e+20	-2.930e+06	6.191e+05
1.928e+30	1.578e+20	2.149e+20	-2.487e+06	-2.220e+06
1.936e+30	-6.176e+20	2.949e+20	3.303e+06	4.154e+06
2.047e+30	1.909e+20	1.888e+20	-1.531e+06	-2.232e+06
2.084e+30	-6.512e+20	7.324e+20	1.225e+06	-3.912e+06
1.968e+30	-1.092e+19	-1.559e+19	2.560e+06	-1.612e+06
2.072e+30	3.361e+20	-7.878e+19	-3.263e+06	-2.963e+06
2.035e+30	-4.574e+19	-2.556e+19	1.127e+06	-2.163e+06
2.065e+30	1.362e+20	-3.911e+19	-3.887e+06	3.072e+06
1.962e+30	-1.469e+20	-7.541e+20	2.015e+06	-4.670e+06
2.055e+30	-4.997e+19	1.171e+20	5.699e+05	-2.155e+06
2.033e+30	-3.361e+20	1.797e+20	3.173e+06	-1.962e+06
1.959e+30	1.000e+20	5.364e+19	-1.598e+06	4.348e+06
1.939e+30	-1.346e+20	5.376e+19	1.103e+06	3.697e+06
1.988e+30	-2.681e+20	4.787e+19	3.264e+06	-2.988e+06
1.895e+30	-5.298e+20	1.798e+20	-4.785e+06	-1.234e+06
2.023e+30	5.509e+20	-4.438e+20	1.013e+06	-2.227e+06
2.083e+30	1.576e+19	-7.634e+20	5.116e+06	-4.311e+06
1.927e+30	3.461e+20	-4.608e+20	6.228e+04	-3.190e+05
1.975e+30	1.549e+20	2.204e+20	-4.558e+06	-4.822e+06
1.895e+30	-1.600e+20	1.168e+20	1.648e+06	3.449e+05
1.917e+30	7.385e+19	-1.745e+20	-3.729e+06	-3.463e+06
2.032e+30	9.728e+20	2.069e+20	-2.279e+06	2.623e+06
1.955e+30	1.435e+20	1.932e+19	-2.483e+06	1.757e+06
1.899e+30	2.599e+20	4.599e+19	3.235e+06	3.260e+06
2.047e+30	3.156e+18	4.095e+18	-5.451e+06	-4.048e+06
