1.8e+13
2.04082e+19
4.08163e+19
6.12245e+19
8.16327e+19
1.02041e+20
1.22449e+20
1.42857e+20
1.63265e+20
1.83673e+20
2.04082e+20
2.2449e+20
2.44898e+20
2.65306e+20
2.85714e+20
3.06122e+20
3.26531e+20
3.46939e+20
3.67347e+20
3.87755e+20
4.08163e+20
4.28571e+20
4.4898e+20
4.69388e+20
4.89796e+20
5.10204e+20
5.30612e+20
5.5102e+20
5.71429e+20
5.91837e+20
6.12245e+20
6.32653e+20
6.53061e+20
6.73469e+20
6.93878e+20
7.14286e+20
7.34694e+20
7.55102e+20
7.7551e+20
7.95918e+20
8.16327e+20
8.36735e+20
8.57143e+20
8.77551e+20
8.97959e+20
9.18367e+20
9.38776e+20
9.59184e+20
9.79592e+20
1e+21
