5e+18 0 0
1.5e+19 0 0
2.5e+19 0 0
3.5e+19 0 0
4.5e+19 0 0
5.5e+19 0 0
6.5e+19 0 0
7.5e+19 0 0
8.5e+19 0 0
9.5e+19 0 0
1.05e+20 0 0
1.15e+20 0 0
1.25e+20 0 0
1.35e+20 0 0
1.45e+20 0 0
1.55e+20 0 0
1.65e+20 0 0
1.75e+20 0 0
1.85e+20 0 0
1.95e+20 0 0
2.05e+20 0 0
2.15e+20 0 0
2.25e+20 0 0
2.35e+20 1.82671e-12 1.73296e-12
2.45e+20 1.78328e-12 1.69177e-12
2.55e+20 1.53507e-12 1.4563e-12
2.65e+20 2.47574e-12 1.5889e-12
2.75e+20 2.21864e-12 1.46047e-12
2.85e+20 1.97583e-12 1.3934e-12
2.95e+20 1.96856e-12 1.46148e-12
3.05e+20 6.56303e-10 9.65661e-11
3.15e+20 6.02993e-10 8.21004e-11
3.25e+20 5.62282e-10 9.79528e-11
3.35e+20 6.1433e-10 5.59134e-11
3.45e+20 5.34641e-10 6.8131e-11
3.55e+20 6.07846e-10 5.02994e-11
3.65e+20 5.85246e-10 8.37938e-11
3.75e+20 6.69306e-10 3.80756e-11
3.85e+20 5.30891e-10 8.19589e-11
3.95e+20 4.80976e-10 4.51909e-11
4.05e+20 4.15926e-10 5.71832e-11
4.15e+20 4.47432e-10 5.17032e-11
4.25e+20 5.73549e-10 5.53502e-11
4.35e+20 4.5779e-10 4.46634e-11
4.45e+20 4.18895e-10 3.74314e-11
4.55e+20 4.10705e-10 4.95441e-11
4.65e+20 3.91919e-10 5.84029e-11
4.75e+20 3.54722e-10 5.74047e-11
4.85e+20 4.25306e-10 3.4395e-11
4.95e+20 4.43417e-10 4.41731e-11
5.05e+20 4.92075e-10 6.10135e-11
5.15e+20 3.76221e-10 3.81016e-11
5.25e+20 4.42265e-10 4.18474e-11
5.35e+20 4.16691e-10 4.17643e-11
5.45e+20 3.74358e-10 4.69074e-11
5.55e+20 2.93015e-10 4.31176e-11
5.65e+20 3.69112e-10 4.27393e-11
5.75e+20 2.69772e-10 3.79893e-11
5.85e+20 3.46827e-10 5.0211e-11
5.95e+20 3.67593e-10 4.09079e-11
6.05e+20 3.57362e-10 3.08687e-11
6.15e+20 2.94901e-10 2.69873e-11
6.25e+20 3.30032e-10 5.9493e-11
6.35e+20 2.44258e-10 3.99618e-11
6.45e+20 3.31058e-10 4.7351e-11
6.55e+20 2.33469e-10 3.32014e-11
6.65e+20 2.85082e-10 4.4502e-11
6.75e+20 3.09761e-10 4.14575e-11
6.85e+20 2.49474e-10 4.1673e-11
6.95e+20 2.91816e-10 3.67585e-11
7.05e+20 2.89177e-10 5.37277e-11
7.15e+20 2.93149e-10 2.97764e-11
7.25e+20 2.73951e-10 3.22374e-11
7.35e+20 2.41873e-10 2.97682e-11
7.45e+20 2.68131e-10 2.84301e-11
7.55e+20 3.03904e-10 3.11464e-11
7.65e+20 2.81438e-10 3.76476e-11
7.75e+20 2.46195e-10 3.54433e-11
7.85e+20 1.94791e-10 2.70557e-11
7.95e+20 2.39439e-10 2.03863e-11
8.05e+20 2.65284e-10 3.44302e-11
8.15e+20 2.11641e-10 2.58621e-11
8.25e+20 2.6979e-10 3.53703e-11
8.35e+20 2.4309e-10 2.48437e-11
8.45e+20 2.38786e-10 2.9997e-11
8.55e+20 2.22764e-10 2.78727e-11
8.65e+20 2.50193e-10 1.85045e-11
8.75e+20 2.28604e-10 3.07469e-11
8.85e+20 2.17936e-10 2.4404e-11
8.95e+20 2.24419e-10 3.14657e-11
9.05e+20 2.86758e-10 2.07059e-11
9.15e+20 2.3131e-10 3.13959e-11
9.25e+20 1.97944e-10 2.62696e-11
9.35e+20 2.02474e-10 2.30001e-11
9.45e+20 2.07976e-10 2.6756e-11
9.55e+20 1.79557e-10 1.99306e-11
9.65e+20 1.86895e-10 2.77867e-11
9.75e+20 1.924e-10 2.56549e-11
9.85e+20 2.10241e-10 2.6228e-11
9.95e+20 2.03564e-10 2.37776e-11
