1.500000	0	72	56
1.500000	1	69	59
1.500000	2	59	69
1.500000	3	60	68
1.500000	4	64	64
1.500000	5	62	66
1.500000	6	58	70
1.500000	7	62	66
1.500000	8	64	64
1.500000	9	64	64
1.500000	10	57	71
1.500000	11	46	82
1.500000	12	46	82
1.500000	13	50	78
1.500000	14	51	77
1.500000	15	63	65
1.500000	16	70	58
1.500000	17	82	46
1.500000	18	69	59
1.500000	19	69	59
1.500000	20	66	62
1.500000	21	70	58
1.500000	22	72	56
1.500000	23	74	54
1.500000	24	69	59
1.500000	25	61	67
1.500000	26	56	72
1.500000	27	56	72
1.500000	28	65	63
1.500000	29	69	59
1.500000	30	67	61
1.500000	31	68	60
1.500000	32	72	56
1.500000	33	71	57
1.500000	34	65	63
1.500000	35	62	66
1.500000	36	65	63
1.500000	37	67	61
1.500000	38	62	66
1.500000	39	55	73
1.500000	40	61	67
1.500000	41	63	65
1.500000	42	56	72
1.500000	43	50	78
1.500000	44	55	73
1.500000	45	59	69
1.500000	46	70	58
1.500000	47	68	60
1.500000	48	62	66
1.500000	49	60	68
1.500000	50	60	68
1.500000	51	66	62
1.500000	52	68	60
1.500000	53	70	58
1.500000	54	72	56
1.500000	55	58	70
1.500000	56	62	66
1.500000	57	66	62
1.500000	58	64	64
1.500000	59	76	52
1.500000	60	77	51
1.500000	61	68	60
1.500000	62	68	60
1.500000	63	69	59
1.500000	64	63	65
1.500000	65	52	76
1.500000	66	56	72
1.500000	67	61	67
1.500000	68	65	63
1.500000	69	57	71
1.500000	70	57	71
1.500000	71	59	69
1.500000	72	77	51
1.500000	73	79	49
1.500000	74	79	49
1.500000	75	82	46
1.500000	76	70	58
1.500000	77	70	58
1.500000	78	68	60
1.500000	79	72	56
1.500000	80	64	64
1.500000	81	54	74
1.500000	82	51	77
1.500000	83	42	86
1.500000	84	43	85
1.500000	85	47	81
1.500000	86	49	79
1.500000	87	49	79
1.500000	88	58	70
1.500000	89	67	61
1.500000	90	77	51
1.500000	91	86	42
1.500000	92	90	38
1.500000	93	79	49
1.500000	94	81	47
1.500000	95	73	55
1.500000	96	59	69
1.500000	97	63	65
1.500000	98	53	75
1.500000	99	54	74
1.500000	100	71	57
1.500000	101	77	51
1.500000	102	76	52
1.500000	103	74	54
1.500000	104	66	62
1.500000	105	67	61
1.500000	106	66	62
1.500000	107	54	74
1.500000	108	47	81
1.500000	109	44	84
1.500000	110	48	80
1.500000	111	55	73
1.500000	112	54	74
1.500000	113	58	70
1.500000	114	62	66
1.500000	115	62	66
1.500000	116	71	57
1.500000	117	67	61
1.500000	118	62	66
1.500000	119	69	59
1.500000	120	66	62
1.500000	121	70	58
1.500000	122	63	65
1.500000	123	60	68
1.500000	124	63	65
1.500000	125	71	57
1.500000	126	74	54
1.500000	127	72	56

1.700000	0	68	60
1.700000	1	64	64
1.700000	2	59	69
1.700000	3	61	67
1.700000	4	59	69
1.700000	5	58	70
1.700000	6	59	69
1.700000	7	62	66
1.700000	8	56	72
1.700000	9	54	74
1.700000	10	66	62
1.700000	11	61	67
1.700000	12	57	71
1.700000	13	57	71
1.700000	14	59	69
1.700000	15	51	77
1.700000	16	57	71
1.700000	17	58	70
1.700000	18	62	66
1.700000	19	66	62
1.700000	20	67	61
1.700000	21	60	68
1.700000	22	61	67
1.700000	23	64	64
1.700000	24	62	66
1.700000	25	58	70
1.700000	26	54	74
1.700000	27	58	70
1.700000	28	57	71
1.700000	29	65	63
1.700000	30	57	71
1.700000	31	66	62
1.700000	32	68	60
1.700000	33	78	50
1.700000	34	82	46
1.700000	35	86	42
1.700000	36	82	46
1.700000	37	76	52
1.700000	38	79	49
1.700000	39	75	53
1.700000	40	82	46
1.700000	41	77	51
1.700000	42	63	65
1.700000	43	54	74
1.700000	44	60	68
1.700000	45	57	71
1.700000	46	55	73
1.700000	47	49	79
1.700000	48	40	88
1.700000	49	38	90
1.700000	50	42	86
1.700000	51	50	78
1.700000	52	56	72
1.700000	53	60	68
1.700000	54	68	60
1.700000	55	75	53
1.700000	56	87	41
1.700000	57	88	40
1.700000	58	94	34
1.700000	59	87	41
1.700000	60	76	52
1.700000	61	68	60
1.700000	62	71	57
1.700000	63	69	59
1.700000	64	66	62
1.700000	65	58	70
1.700000	66	58	70
1.700000	67	52	76
1.700000	68	56	72
1.700000	69	59	69
1.700000	70	71	57
1.700000	71	80	48
1.700000	72	78	50
1.700000	73	78	50
1.700000	74	72	56
1.700000	75	72	56
1.700000	76	76	52
1.700000	77	76	52
1.700000	78	84	44
1.700000	79	80	48
1.700000	80	64	64
1.700000	81	57	71
1.700000	82	53	75
1.700000	83	47	81
1.700000	84	40	88
1.700000	85	47	81
1.700000	86	36	92
1.700000	87	53	75
1.700000	88	61	67
1.700000	89	69	59
1.700000	90	67	61
1.700000	91	75	53
1.700000	92	75	53
1.700000	93	67	61
1.700000	94	55	73
1.700000	95	47	81
1.700000	96	42	86
1.700000	97	49	79
1.700000	98	39	89
1.700000	99	36	92
1.700000	100	33	95
1.700000	101	35	93
1.700000	102	46	82
1.700000	103	60	68
1.700000	104	69	59
1.700000	105	83	45
1.700000	106	89	39
1.700000	107	96	32
1.700000	108	95	33
1.700000	109	92	36
1.700000	110	92	36
1.700000	111	88	40
1.700000	112	75	53
1.700000	113	59	69
1.700000	114	43	85
1.700000	115	42	86
1.700000	116	44	84
1.700000	117	37	91
1.700000	118	52	76
1.700000	119	68	60
1.700000	120	67	61
1.700000	121	65	63
1.700000	122	73	55
1.700000	123	77	51
1.700000	124	78	50
1.700000	125	79	49
1.700000	126	75	53
1.700000	127	70	58

1.900000	0	51	77
1.900000	1	48	80
1.900000	2	59	69
1.900000	3	64	64
1.900000	4	63	65
1.900000	5	80	48
1.900000	6	66	62
1.900000	7	72	56
1.900000	8	77	51
1.900000	9	86	42
1.900000	10	87	41
1.900000	11	81	47
1.900000	12	84	44
1.900000	13	77	51
1.900000	14	66	62
1.900000	15	66	62
1.900000	16	47	81
1.900000	17	43	85
1.900000	18	39	89
1.900000	19	51	77
1.900000	20	52	76
1.900000	21	43	85
1.900000	22	40	88
1.900000	23	47	81
1.900000	24	49	79
1.900000	25	56	72
1.900000	26	63	65
1.900000	27	67	61
1.900000	28	63	65
1.900000	29	73	55
1.900000	30	80	48
1.900000	31	78	50
1.900000	32	71	57
1.900000	33	67	61
1.900000	34	67	61
1.900000	35	73	55
1.900000	36	68	60
1.900000	37	70	58
1.900000	38	69	59
1.900000	39	77	51
1.900000	40	63	65
1.900000	41	66	62
1.900000	42	64	64
1.900000	43	76	52
1.900000	44	77	51
1.900000	45	74	54
1.900000	46	67	61
1.900000	47	57	71
1.900000	48	59	69
1.900000	49	56	72
1.900000	50	63	65
1.900000	51	67	61
1.900000	52	55	73
1.900000	53	59	69
1.900000	54	63	65
1.900000	55	58	70
1.900000	56	54	74
1.900000	57	55	73
1.900000	58	58	70
1.900000	59	57	71
1.900000	60	71	57
1.900000	61	79	49
1.900000	62	80	48
1.900000	63	80	48
1.900000	64	75	53
1.900000	65	84	44
1.900000	66	79	49
1.900000	67	66	62
1.900000	68	47	81
1.900000	69	54	74
1.900000	70	46	82
1.900000	71	37	91
1.900000	72	43	85
1.900000	73	43	85
1.900000	74	46	82
1.900000	75	66	62
1.900000	76	68	60
1.900000	77	73	55
1.900000	78	69	59
1.900000	79	77	51
1.900000	80	85	43
1.900000	81	80	48
1.900000	82	67	61
1.900000	83	66	62
1.900000	84	61	67
1.900000	85	51	77
1.900000	86	44	84
1.900000	87	44	84
1.900000	88	50	78
1.900000	89	43	85
1.900000	90	39	89
1.900000	91	51	77
1.900000	92	54	74
1.900000	93	54	74
1.900000	94	65	63
1.900000	95	76	52
1.900000	96	81	47
1.900000	97	79	49
1.900000	98	71	57
1.900000	99	74	54
1.900000	100	67	61
1.900000	101	70	58
1.900000	102	69	59
1.900000	103	70	58
1.900000	104	69	59
1.900000	105	71	57
1.900000	106	62	66
1.900000	107	57	71
1.900000	108	59	69
1.900000	109	55	73
1.900000	110	51	77
1.900000	111	57	71
1.900000	112	59	69
1.900000	113	64	64
1.900000	114	66	62
1.900000	115	76	52
1.900000	116	76	52
1.900000	117	76	52
1.900000	118	73	55
1.900000	119	71	57
1.900000	120	67	61
1.900000	121	68	60
1.900000	122	72	56
1.900000	123	68	60
1.900000	124	67	61
1.900000	125	64	64
1.900000	126	66	62
1.900000	127	56	72

2.100000	0	70	58
2.100000	1	67	61
2.100000	2	63	65
2.100000	3	62	66
2.100000	4	57	71
2.100000	5	52	76
2.100000	6	48	80
2.100000	7	43	85
2.100000	8	52	76
2.100000	9	72	56
2.100000	10	75	53
2.100000	11	72	56
2.100000	12	59	69
2.100000	13	57	71
2.100000	14	61	67
2.100000	15	68	60
2.100000	16	63	65
2.100000	17	63	65
2.100000	18	69	59
2.100000	19	51	77
2.100000	20	49	79
2.100000	21	56	72
2.100000	22	68	60
2.100000	23	56	72
2.100000	24	58	70
2.100000	25	62	66
2.100000	26	74	54
2.100000	27	77	51
2.100000	28	66	62
2.100000	29	70	58
2.100000	30	79	49
2.100000	31	88	40
2.100000	32	83	45
2.100000	33	79	49
2.100000	34	75	53
2.100000	35	82	46
2.100000	36	80	48
2.100000	37	81	47
2.100000	38	76	52
2.100000	39	63	65
2.100000	40	49	79
2.100000	41	44	84
2.100000	42	37	91
2.100000	43	40	88
2.100000	44	47	81
2.100000	45	45	83
2.100000	46	51	77
2.100000	47	50	78
2.100000	48	47	81
2.100000	49	48	80
2.100000	50	52	76
2.100000	51	66	62
2.100000	52	69	59
2.100000	53	75	53
2.100000	54	80	48
2.100000	55	75	53
2.100000	56	83	45
2.100000	57	77	51
2.100000	58	74	54
2.100000	59	69	59
2.100000	60	67	61
2.100000	61	70	58
2.100000	62	71	57
2.100000	63	69	59
2.100000	64	62	66
2.100000	65	73	55
2.100000	66	73	55
2.100000	67	73	55
2.100000	68	58	70
2.100000	69	64	64
2.100000	70	61	67
2.100000	71	56	72
2.100000	72	56	72
2.100000	73	53	75
2.100000	74	47	81
2.100000	75	47	81
2.100000	76	47	81
2.100000	77	40	88
2.100000	78	45	83
2.100000	79	64	64
2.100000	80	54	74
2.100000	81	49	79
2.100000	82	55	73
2.100000	83	61	67
2.100000	84	59	69
2.100000	85	57	71
2.100000	86	72	56
2.100000	87	74	54
2.100000	88	78	50
2.100000	89	67	61
2.100000	90	76	52
2.100000	91	71	57
2.100000	92	65	63
2.100000	93	68	60
2.100000	94	83	45
2.100000	95	62	66
2.100000	96	58	70
2.100000	97	59	69
2.100000	98	51	77
2.100000	99	56	72
2.100000	100	53	75
2.100000	101	53	75
2.100000	102	64	64
2.100000	103	68	60
2.100000	104	79	49
2.100000	105	64	64
2.100000	106	62	66
2.100000	107	60	68
2.100000	108	59	69
2.100000	109	60	68
2.100000	110	55	73
2.100000	111	52	76
2.100000	112	49	79
2.100000	113	47	81
2.100000	114	47	81
2.100000	115	59	69
2.100000	116	68	60
2.100000	117	80	48
2.100000	118	87	41
2.100000	119	84	44
2.100000	120	91	37
2.100000	121	84	44
2.100000	122	85	43
2.100000	123	87	41
2.100000	124	81	47
2.100000	125	74	54
2.100000	126	70	58
2.100000	127	75	53

2.300000	0	59	69
2.300000	1	45	83
2.300000	2	50	78
2.300000	3	47	81
2.300000	4	45	83
2.300000	5	50	78
2.300000	6	44	84
2.300000	7	50	78
2.300000	8	53	75
2.300000	9	54	74
2.300000	10	54	74
2.300000	11	66	62
2.300000	12	74	54
2.300000	13	78	50
2.300000	14	82	46
2.300000	15	76	52
2.300000	16	77	51
2.300000	17	74	54
2.300000	18	75	53
2.300000	19	74	54
2.300000	20	72	56
2.300000	21	62	66
2.300000	22	59	69
2.300000	23	55	73
2.300000	24	63	65
2.300000	25	64	64
2.300000	26	55	73
2.300000	27	65	63
2.300000	28	58	70
2.300000	29	66	62
2.300000	30	61	67
2.300000	31	67	61
2.300000	32	67	61
2.300000	33	65	63
2.300000	34	64	64
2.300000	35	53	75
2.300000	36	51	77
2.300000	37	58	70
2.300000	38	59	69
2.300000	39	66	62
2.300000	40	68	60
2.300000	41	63	65
2.300000	42	57	71
2.300000	43	57	71
2.300000	44	57	71
2.300000	45	56	72
2.300000	46	63	65
2.300000	47	63	65
2.300000	48	65	63
2.300000	49	63	65
2.300000	50	56	72
2.300000	51	67	61
2.300000	52	55	73
2.300000	53	58	70
2.300000	54	70	58
2.300000	55	87	41
2.300000	56	91	37
2.300000	57	92	36
2.300000	58	89	39
2.300000	59	82	46
2.300000	60	70	58
2.300000	61	64	64
2.300000	62	53	75
2.300000	63	57	71
2.300000	64	46	82
2.300000	65	44	84
2.300000	66	62	66
2.300000	67	62	66
2.300000	68	64	64
2.300000	69	72	56
2.300000	70	64	64
2.300000	71	70	58
2.300000	72	73	55
2.300000	73	61	67
2.300000	74	51	77
2.300000	75	54	74
2.300000	76	55	73
2.300000	77	52	76
2.300000	78	61	67
2.300000	79	75	53
2.300000	80	73	55
2.300000	81	80	48
2.300000	82	91	37
2.300000	83	93	35
2.300000	84	87	41
2.300000	85	78	50
2.300000	86	68	60
2.300000	87	74	54
2.300000	88	71	57
2.300000	89	58	70
2.300000	90	50	78
2.300000	91	49	79
2.300000	92	39	89
2.300000	93	37	91
2.300000	94	47	81
2.300000	95	37	91
2.300000	96	46	82
2.300000	97	45	83
2.300000	98	59	69
2.300000	99	63	65
2.300000	100	70	58
2.300000	101	69	59
2.300000	102	70	58
2.300000	103	72	56
2.300000	104	74	54
2.300000	105	73	55
2.300000	106	71	57
2.300000	107	72	56
2.300000	108	64	64
2.300000	109	56	72
2.300000	110	56	72
2.300000	111	57	71
2.300000	112	52	76
2.300000	113	63	65
2.300000	114	67	61
2.300000	115	71	57
2.300000	116	66	62
2.300000	117	68	60
2.300000	118	70	58
2.300000	119	76	52
2.300000	120	84	44
2.300000	121	76	52
2.300000	122	69	59
2.300000	123	74	54
2.300000	124	73	55
2.300000	125	71	57
2.300000	126	70	58
2.300000	127	67	61

2.500000	0	44	84
2.500000	1	51	77
2.500000	2	53	75
2.500000	3	50	78
2.500000	4	52	76
2.500000	5	61	67
2.500000	6	63	65
2.500000	7	66	62
2.500000	8	55	73
2.500000	9	65	63
2.500000	10	63	65
2.500000	11	74	54
2.500000	12	74	54
2.500000	13	73	55
2.500000	14	71	57
2.500000	15	91	37
2.500000	16	92	36
2.500000	17	95	33
2.500000	18	91	37
2.500000	19	80	48
2.500000	20	72	56
2.500000	21	78	50
2.500000	22	65	63
2.500000	23	58	70
2.500000	24	50	78
2.500000	25	43	85
2.500000	26	42	86
2.500000	27	42	86
2.500000	28	42	86
2.500000	29	45	83
2.500000	30	61	67
2.500000	31	67	61
2.500000	32	61	67
2.500000	33	62	66
2.500000	34	59	69
2.500000	35	72	56
2.500000	36	74	54
2.500000	37	78	50
2.500000	38	68	60
2.500000	39	63	65
2.500000	40	65	63
2.500000	41	73	55
2.500000	42	75	53
2.500000	43	79	49
2.500000	44	82	46
2.500000	45	76	52
2.500000	46	78	50
2.500000	47	69	59
2.500000	48	62	66
2.500000	49	49	79
2.500000	50	47	81
2.500000	51	50	78
2.500000	52	56	72
2.500000	53	63	65
2.500000	54	58	70
2.500000	55	62	66
2.500000	56	68	60
2.500000	57	67	61
2.500000	58	68	60
2.500000	59	69	59
2.500000	60	73	55
2.500000	61	78	50
2.500000	62	71	57
2.500000	63	68	60
2.500000	64	77	51
2.500000	65	80	48
2.500000	66	70	58
2.500000	67	70	58
2.500000	68	64	64
2.500000	69	55	73
2.500000	70	52	76
2.500000	71	45	83
2.500000	72	37	91
2.500000	73	53	75
2.500000	74	60	68
2.500000	75	67	61
2.500000	76	74	54
2.500000	77	72	56
2.500000	78	66	62
2.500000	79	63	65
2.500000	80	64	64
2.500000	81	74	54
2.500000	82	73	55
2.500000	83	78	50
2.500000	84	70	58
2.500000	85	74	54
2.500000	86	67	61
2.500000	87	73	55
2.500000	88	54	74
2.500000	89	55	73
2.500000	90	47	81
2.500000	91	55	73
2.500000	92	54	74
2.500000	93	57	71
2.500000	94	63	65
2.500000	95	63	65
2.500000	96	79	49
2.500000	97	66	62
2.500000	98	72	56
2.500000	99	64	64
2.500000	100	69	59
2.500000	101	73	55
2.500000	102	70	58
2.500000	103	61	67
2.500000	104	61	67
2.500000	105	66	62
2.500000	106	60	68
2.500000	107	61	67
2.500000	108	59	69
2.500000	109	49	79
2.500000	110	55	73
2.500000	111	53	75
2.500000	112	53	75
2.500000	113	67	61
2.500000	114	71	57
2.500000	115	70	58
2.500000	116	66	62
2.500000	117	64	64
2.500000	118	58	70
2.500000	119	61	67
2.500000	120	69	59
2.500000	121	68	60
2.500000	122	51	77
2.500000	123	44	84
2.500000	124	55	73
2.500000	125	59	69
2.500000	126	56	72
2.500000	127	64	64

2.700000	0	68	60
2.700000	1	64	64
2.700000	2	82	46
2.700000	3	79	49
2.700000	4	85	43
2.700000	5	88	40
2.700000	6	68	60
2.700000	7	72	56
2.700000	8	70	58
2.700000	9	71	57
2.700000	10	69	59
2.700000	11	69	59
2.700000	12	78	50
2.700000	13	66	62
2.700000	14	66	62
2.700000	15	49	79
2.700000	16	58	70
2.700000	17	54	74
2.700000	18	50	78
2.700000	19	56	72
2.700000	20	55	73
2.700000	21	67	61
2.700000	22	65	63
2.700000	23	75	53
2.700000	24	72	56
2.700000	25	71	57
2.700000	26	72	56
2.700000	27	73	55
2.700000	28	61	67
2.700000	29	61	67
2.700000	30	71	57
2.700000	31	64	64
2.700000	32	67	61
2.700000	33	72	56
2.700000	34	71	57
2.700000	35	50	78
2.700000	36	47	81
2.700000	37	59	69
2.700000	38	58	70
2.700000	39	66	62
2.700000	40	76	52
2.700000	41	59	69
2.700000	42	67	61
2.700000	43	76	52
2.700000	44	68	60
2.700000	45	65	63
2.700000	46	72	56
2.700000	47	74	54
2.700000	48	62	66
2.700000	49	62	66
2.700000	50	70	58
2.700000	51	55	73
2.700000	52	47	81
2.700000	53	58	70
2.700000	54	53	75
2.700000	55	63	65
2.700000	56	67	61
2.700000	57	61	67
2.700000	58	56	72
2.700000	59	60	68
2.700000	60	54	74
2.700000	61	63	65
2.700000	62	66	62
2.700000	63	77	51
2.700000	64	85	43
2.700000	65	75	53
2.700000	66	65	63
2.700000	67	70	58
2.700000	68	62	66
2.700000	69	63	65
2.700000	70	59	69
2.700000	71	64	64
2.700000	72	69	59
2.700000	73	66	62
2.700000	74	66	62
2.700000	75	69	59
2.700000	76	62	66
2.700000	77	66	62
2.700000	78	62	66
2.700000	79	51	77
2.700000	80	53	75
2.700000	81	65	63
2.700000	82	60	68
2.700000	83	49	79
2.700000	84	50	78
2.700000	85	49	79
2.700000	86	57	71
2.700000	87	65	63
2.700000	88	76	52
2.700000	89	57	71
2.700000	90	52	76
2.700000	91	59	69
2.700000	92	61	67
2.700000	93	68	60
2.700000	94	73	55
2.700000	95	86	42
2.700000	96	85	43
2.700000	97	82	46
2.700000	98	84	44
2.700000	99	82	46
2.700000	100	82	46
2.700000	101	57	71
2.700000	102	61	67
2.700000	103	67	61
2.700000	104	72	56
2.700000	105	74	54
2.700000	106	76	52
2.700000	107	62	66
2.700000	108	49	79
2.700000	109	56	72
2.700000	110	49	79
2.700000	111	45	83
2.700000	112	45	83
2.700000	113	38	90
2.700000	114	42	86
2.700000	115	57	71
2.700000	116	54	74
2.700000	117	65	63
2.700000	118	54	74
2.700000	119	60	68
2.700000	120	59	69
2.700000	121	54	74
2.700000	122	65	63
2.700000	123	65	63
2.700000	124	66	62
2.700000	125	52	76
2.700000	126	62	66
2.700000	127	47	81

2.900000	0	73	55
2.900000	1	75	53
2.900000	2	68	60
2.900000	3	48	80
2.900000	4	49	79
2.900000	5	56	72
2.900000	6	49	79
2.900000	7	46	82
2.900000	8	48	80
2.900000	9	52	76
2.900000	10	56	72
2.900000	11	53	75
2.900000	12	55	73
2.900000	13	71	57
2.900000	14	63	65
2.900000	15	57	71
2.900000	16	59	69
2.900000	17	61	67
2.900000	18	60	68
2.900000	19	66	62
2.900000	20	42	86
2.900000	21	63	65
2.900000	22	56	72
2.900000	23	49	79
2.900000	24	41	87
2.900000	25	49	79
2.900000	26	44	84
2.900000	27	48	80
2.900000	28	55	73
2.900000	29	42	86
2.900000	30	59	69
2.900000	31	61	67
2.900000	32	62	66
2.900000	33	69	59
2.900000	34	82	46
2.900000	35	80	48
2.900000	36	87	41
2.900000	37	85	43
2.900000	38	73	55
2.900000	39	60	68
2.900000	40	61	67
2.900000	41	68	60
2.900000	42	78	50
2.900000	43	84	44
2.900000	44	85	43
2.900000	45	85	43
2.900000	46	88	40
2.900000	47	79	49
2.900000	48	94	34
2.900000	49	88	40
2.900000	50	76	52
2.900000	51	75	53
2.900000	52	54	74
2.900000	53	41	87
2.900000	54	68	60
2.900000	55	61	67
2.900000	56	72	56
2.900000	57	74	54
2.900000	58	56	72
2.900000	59	61	67
2.900000	60	56	72
2.900000	61	49	79
2.900000	62	50	78
2.900000	63	46	82
2.900000	64	64	64
2.900000	65	64	64
2.900000	66	67	61
2.900000	67	60	68
2.900000	68	61	67
2.900000	69	76	52
2.900000	70	71	57
2.900000	71	68	60
2.900000	72	62	66
2.900000	73	56	72
2.900000	74	47	81
2.900000	75	43	85
2.900000	76	42	86
2.900000	77	53	75
2.900000	78	67	61
2.900000	79	75	53
2.900000	80	75	53
2.900000	81	67	61
2.900000	82	47	81
2.900000	83	51	77
2.900000	84	52	76
2.900000	85	50	78
2.900000	86	50	78
2.900000	87	55	73
2.900000	88	57	71
2.900000	89	59	69
2.900000	90	75	53
2.900000	91	83	45
2.900000	92	83	45
2.900000	93	79	49
2.900000	94	74	54
2.900000	95	74	54
2.900000	96	54	74
2.900000	97	54	74
2.900000	98	60	68
2.900000	99	59	69
2.900000	100	58	70
2.900000	101	59	69
2.900000	102	61	67
2.900000	103	65	63
2.900000	104	77	51
2.900000	105	68	60
2.900000	106	69	59
2.900000	107	72	56
2.900000	108	68	60
2.900000	109	67	61
2.900000	110	62	66
2.900000	111	60	68
2.900000	112	77	51
2.900000	113	71	57
2.900000	114	73	55
2.900000	115	62	66
2.900000	116	54	74
2.900000	117	70	58
2.900000	118	75	53
2.900000	119	69	59
2.900000	120	74	54
2.900000	121	70	58
2.900000	122	79	49
2.900000	123	67	61
2.900000	124	82	46
2.900000	125	75	53
2.900000	126	78	50
2.900000	127	75	53

3.100000	0	84	44
3.100000	1	80	48
3.100000	2	80	48
3.100000	3	74	54
3.100000	4	65	63
3.100000	5	63	65
3.100000	6	67	61
3.100000	7	60	68
3.100000	8	60	68
3.100000	9	65	63
3.100000	10	63	65
3.100000	11	63	65
3.100000	12	44	84
3.100000	13	57	71
3.100000	14	48	80
3.100000	15	59	69
3.100000	16	76	52
3.100000	17	67	61
3.100000	18	62	66
3.100000	19	62	66
3.100000	20	54	74
3.100000	21	60	68
3.100000	22	67	61
3.100000	23	69	59
3.100000	24	66	62
3.100000	25	64	64
3.100000	26	60	68
3.100000	27	59	69
3.100000	28	63	65
3.100000	29	57	71
3.100000	30	62	66
3.100000	31	62	66
3.100000	32	58	70
3.100000	33	56	72
3.100000	34	52	76
3.100000	35	69	59
3.100000	36	71	57
3.100000	37	54	74
3.100000	38	57	71
3.100000	39	54	74
3.100000	40	71	57
3.100000	41	74	54
3.100000	42	68	60
3.100000	43	83	45
3.100000	44	70	58
3.100000	45	67	61
3.100000	46	65	63
3.100000	47	61	67
3.100000	48	49	79
3.100000	49	47	81
3.100000	50	56	72
3.100000	51	65	63
3.100000	52	67	61
3.100000	53	56	72
3.100000	54	65	63
3.100000	55	68	60
3.100000	56	75	53
3.100000	57	70	58
3.100000	58	72	56
3.100000	59	77	51
3.100000	60	71	57
3.100000	61	58	70
3.100000	62	57	71
3.100000	63	50	78
3.100000	64	66	62
3.100000	65	67	61
3.100000	66	62	66
3.100000	67	57	71
3.100000	68	50	78
3.100000	69	56	72
3.100000	70	64	64
3.100000	71	56	72
3.100000	72	64	64
3.100000	73	62	66
3.100000	74	63	65
3.100000	75	60	68
3.100000	76	61	67
3.100000	77	66	62
3.100000	78	65	63
3.100000	79	69	59
3.100000	80	69	59
3.100000	81	56	72
3.100000	82	63	65
3.100000	83	60	68
3.100000	84	66	62
3.100000	85	73	55
3.100000	86	76	52
3.100000	87	66	62
3.100000	88	67	61
3.100000	89	68	60
3.100000	90	60	68
3.100000	91	65	63
3.100000	92	78	50
3.100000	93	70	58
3.100000	94	59	69
3.100000	95	53	75
3.100000	96	58	70
3.100000	97	62	66
3.100000	98	67	61
3.100000	99	56	72
3.100000	100	51	77
3.100000	101	57	71
3.100000	102	48	80
3.100000	103	54	74
3.100000	104	59	69
3.100000	105	62	66
3.100000	106	58	70
3.100000	107	63	65
3.100000	108	69	59
3.100000	109	65	63
3.100000	110	53	75
3.100000	111	55	73
3.100000	112	53	75
3.100000	113	70	58
3.100000	114	63	65
3.100000	115	65	63
3.100000	116	74	54
3.100000	117	66	62
3.100000	118	72	56
3.100000	119	81	47
3.100000	120	77	51
3.100000	121	74	54
3.100000	122	79	49
3.100000	123	75	53
3.100000	124	69	59
3.100000	125	76	52
3.100000	126	67	61
3.100000	127	82	46

3.300000	0	64	64
3.300000	1	63	65
3.300000	2	70	58
3.300000	3	75	53
3.300000	4	63	65
3.300000	5	59	69
3.300000	6	71	57
3.300000	7	68	60
3.300000	8	76	52
3.300000	9	69	59
3.300000	10	63	65
3.300000	11	68	60
3.300000	12	55	73
3.300000	13	56	72
3.300000	14	60	68
3.300000	15	69	59
3.300000	16	55	73
3.300000	17	57	71
3.300000	18	62	66
3.300000	19	61	67
3.300000	20	77	51
3.300000	21	75	53
3.300000	22	65	63
3.300000	23	58	70
3.300000	24	65	63
3.300000	25	57	71
3.300000	26	56	72
3.300000	27	63	65
3.300000	28	65	63
3.300000	29	50	78
3.300000	30	46	82
3.300000	31	68	60
3.300000	32	58	70
3.300000	33	68	60
3.300000	34	61	67
3.300000	35	60	68
3.300000	36	66	62
3.300000	37	68	60
3.300000	38	64	64
3.300000	39	69	59
3.300000	40	68	60
3.300000	41	65	63
3.300000	42	59	69
3.300000	43	61	67
3.300000	44	55	73
3.300000	45	52	76
3.300000	46	59	69
3.300000	47	52	76
3.300000	48	57	71
3.300000	49	63	65
3.300000	50	63	65
3.300000	51	61	67
3.300000	52	63	65
3.300000	53	55	73
3.300000	54	68	60
3.300000	55	66	62
3.300000	56	70	58
3.300000	57	56	72
3.300000	58	51	77
3.300000	59	59	69
3.300000	60	66	62
3.300000	61	79	49
3.300000	62	64	64
3.300000	63	62	66
3.300000	64	75	53
3.300000	65	77	51
3.300000	66	71	57
3.300000	67	52	76
3.300000	68	61	67
3.300000	69	56	72
3.300000	70	72	56
3.300000	71	77	51
3.300000	72	69	59
3.300000	73	81	47
3.300000	74	86	42
3.300000	75	82	46
3.300000	76	80	48
3.300000	77	67	61
3.300000	78	60	68
3.300000	79	73	55
3.300000	80	78	50
3.300000	81	66	62
3.300000	82	67	61
3.300000	83	77	51
3.300000	84	74	54
3.300000	85	64	64
3.300000	86	53	75
3.300000	87	54	74
3.300000	88	65	63
3.300000	89	72	56
3.300000	90	71	57
3.300000	91	59	69
3.300000	92	65	63
3.300000	93	72	56
3.300000	94	61	67
3.300000	95	60	68
3.300000	96	68	60
3.300000	97	68	60
3.300000	98	58	70
3.300000	99	58	70
3.300000	100	57	71
3.300000	101	60	68
3.300000	102	70	58
3.300000	103	75	53
3.300000	104	81	47
3.300000	105	87	41
3.300000	106	73	55
3.300000	107	63	65
3.300000	108	60	68
3.300000	109	62	66
3.300000	110	45	83
3.300000	111	55	73
3.300000	112	45	83
3.300000	113	63	65
3.300000	114	73	55
3.300000	115	56	72
3.300000	116	53	75
3.300000	117	59	69
3.300000	118	54	74
3.300000	119	57	71
3.300000	120	74	54
3.300000	121	66	62
3.300000	122	66	62
3.300000	123	68	60
3.300000	124	58	70
3.300000	125	43	85
3.300000	126	56	72
3.300000	127	47	81

