0.0165925,0
1,0

0.0165925,0
1,0

0.0165925,0
1,0

0.0165918,0.000218519
1,1.99627e-05

0.0165896,0.00043702
1,3.99255e-05

0.0165861,0.000655482
1,5.98882e-05

0.016581,0.000873888
1,7.9851e-05

0.0165746,0.00109222
1,9.98137e-05

0.0165667,0.00131046
1,0.000119776

0.0165574,0.00152858
1,0.000139739

0.0165467,0.00174657
1,0.000159702

0.0165346,0.00196442
1,0.000179665

0.0165211,0.00218209
1,0.000199627

0.0165061,0.00239958
1,0.00021959

0.0164897,0.00261687
1,0.000239553

0.016472,0.00283393
1,0.000259516

0.0164528,0.00305075
1,0.000279478

0.0164323,0.00326732
1,0.000299441

0.0164104,0.00348361
1,0.000319404

0.0163871,0.00369962
1,0.000339367

0.0163625,0.00391531
1,0.000359329

0.0163365,0.00413068
1,0.000379292

0.0163091,0.00434571
1,0.000399255

0.0162804,0.00456038
1,0.000419218

0.0162504,0.00477468
1,0.00043918

0.0162191,0.00498859
1,0.000459143

0.0161864,0.0052021
1,0.000479106

0.0161525,0.00541519
1,0.000499069

0.0161173,0.00562785
1,0.000519031

0.0160807,0.00584007
1,0.000538994

0.016043,0.00605182
1,0.000558957

0.0160039,0.0062631
1,0.00057892

0.0159637,0.00647389
1,0.000598882

0.0159221,0.00668419
1,0.000618845

0.0158794,0.00689397
1,0.000638808

0.0158355,0.00710322
1,0.000658771

0.0157903,0.00731195
1,0.000678733

0.015744,0.00752012
1,0.000698696

0.0156965,0.00772773
1,0.000718659

0.0156479,0.00793478
1,0.000738622

0.0155981,0.00814124
1,0.000758584

0.0155472,0.00834712
1,0.000778547

0.0154952,0.0085524
1,0.00079851

0.015442,0.00875706
1,0.000818473

0.0153878,0.00896111
1,0.000838435

0.0153325,0.00916454
1,0.000858398

0.0152761,0.00936733
1,0.000878361

0.0152187,0.00956947
1,0.000898324

0.0151603,0.00977097
1,0.000918286

0.0151008,0.00997181
1,0.000938249

0.0150404,0.010172
1,0.000958212

0.0149789,0.0103715
1,0.000978175

0.0149165,0.0105703
1,0.000998137

0.0148531,0.0107685
0.999999,0.0010181

0.0147887,0.0109659
0.999999,0.00103806

0.0147234,0.0111627
0.999999,0.00105803

0.0146572,0.0113588
0.999999,0.00107799

0.0145901,0.0115541
0.999999,0.00109795

0.0145221,0.0117488
0.999999,0.00111791

0.0144532,0.0119427
0.999999,0.00113788

0.0143835,0.012136
0.999999,0.00115784

0.0143129,0.0123285
0.999999,0.0011778

0.0142414,0.0125203
0.999999,0.00119776

0.0141692,0.0127113
0.999999,0.00121773

0.0140961,0.0129017
0.999999,0.00123769

0.0140222,0.0130913
0.999999,0.00125765

0.0139476,0.0132801
0.999999,0.00127762

0.0138721,0.0134683
0.999999,0.00129758

0.013796,0.0136557
0.999999,0.00131754

0.013719,0.0138424
0.999999,0.0013375

0.0136414,0.0140283
0.999999,0.00135747

0.013563,0.0142135
0.999999,0.00137743

0.0134839,0.014398
0.999999,0.00139739

0.0134042,0.0145817
0.999999,0.00141735

0.0133237,0.0147646
0.999999,0.00143732

0.0132426,0.0149469
0.999999,0.00145728

0.0131608,0.0151284
0.999999,0.00147724

0.0130784,0.0153091
0.999999,0.00149721

0.0129953,0.0154891
0.999999,0.00151717

0.0129116,0.0156684
0.999999,0.00153713

0.0128274,0.015847
0.999999,0.00155709

0.0127425,0.0160248
0.999999,0.00157706

0.012657,0.0162018
0.999999,0.00159702

0.012571,0.0163781
0.999999,0.00161698

0.0124844,0.0165537
0.999999,0.00163694

0.0123972,0.0167286
0.999999,0.00165691

0.0123095,0.0169027
0.999999,0.00167687

0.0122213,0.0170761
0.999999,0.00169683

0.0121325,0.0172488
0.999999,0.0017168

0.0120432,0.0174207
0.999998,0.00173676

0.0119535,0.0175919
0.999998,0.00175672

0.0118632,0.0177624
0.999998,0.00177668

0.0117725,0.0179322
0.999998,0.00179665

0.0116813,0.0181013
0.999998,0.00181661

0.0115896,0.0182696
0.999998,0.00183657

0.0114975,0.0184373
0.999998,0.00185653

0.0114049,0.0186042
0.999998,0.0018765

0.0113119,0.0187704
0.999998,0.00189646

0.0112185,0.0189359
0.999998,0.00191642

0.0111247,0.0191008
0.999998,0.00193639

0.0110305,0.0192649
0.999998,0.00195635

0.0109358,0.0194283
0.999998,0.00197631

0.0108408,0.019591
0.999998,0.00199627

0.0107454,0.0197531
0.999998,0.00201624

0.0106496,0.0199144
0.999998,0.0020362

0.0105535,0.0200751
0.999998,0.00205616

0.010457,0.0202351
0.999998,0.00207612

0.0103601,0.0203944
0.999998,0.00209609

0.0102629,0.0205531
0.999998,0.00211605

0.0101654,0.0207111
0.999998,0.00213601

0.0100675,0.0208684
0.999998,0.00215598

0.00996936,0.021025
0.999998,0.00217594

0.00987088,0.021181
0.999998,0.0021959

0.00977209,0.0213364
0.999998,0.00221586

0.009673,0.021491
0.999998,0.00223583

0.00957362,0.0216451
0.999997,0.00225579

0.00947395,0.0217985
0.999997,0.00227575

0.00937401,0.0219512
0.999997,0.00229571

0.0092738,0.0221034
0.999997,0.00231568

0.00917332,0.0222548
0.999997,0.00233564

0.00907257,0.0224057
0.999997,0.0023556

0.00897158,0.0225559
0.999997,0.00237557

0.00887034,0.0227055
0.999997,0.00239553

0.00876886,0.0228545
0.999997,0.00241549

0.00866714,0.0230029
0.999997,0.00243545

0.00856519,0.0231507
0.999997,0.00245542

0.00846301,0.0232978
0.999997,0.00247538

0.00836062,0.0234444
0.999997,0.00249534

0.00825801,0.0235903
0.999997,0.0025153

0.0081552,0.0237357
0.999997,0.00253527

0.00805218,0.0238804
0.999997,0.00255523

0.00794896,0.0240246
0.999997,0.00257519

0.00784555,0.0241682
0.999997,0.00259515

0.00774195,0.0243112
0.999997,0.00261512

0.00763816,0.0244536
0.999997,0.00263508

0.0075342,0.0245955
0.999996,0.00265504

0.00743006,0.0247368
0.999996,0.00267501

0.00732576,0.0248775
0.999996,0.00269497

0.00722128,0.0250177
0.999996,0.00271493

0.00711665,0.0251573
0.999996,0.00273489

0.00701185,0.0252963
0.999996,0.00275486

0.00690691,0.0254348
0.999996,0.00277482

0.00680181,0.0255727
0.999996,0.00279478

0.00669657,0.0257101
0.999996,0.00281474

0.0065912,0.025847
0.999996,0.00283471

0.00648568,0.0259833
0.999996,0.00285467

0.00638003,0.0261191
0.999996,0.00287463

0.00627425,0.0262544
0.999996,0.00289459

0.00616834,0.0263891
0.999996,0.00291456

0.00606231,0.0265233
0.999996,0.00293452

0.00595617,0.026657
0.999996,0.00295448

0.00584991,0.0267902
0.999996,0.00297445

0.00574353,0.0269228
0.999996,0.00299441

0.00563705,0.027055
0.999995,0.00301437

0.00553046,0.0271866
0.999995,0.00303433

0.00542377,0.0273177
0.999995,0.0030543

0.00531698,0.0274484
0.999995,0.00307426

0.0052101,0.0275785
0.999995,0.00309422

0.00510312,0.0277082
0.999995,0.00311418

0.00499605,0.0278374
0.999995,0.00313415

0.00488889,0.027966
0.999995,0.00315411

0.00478166,0.0280942
0.999995,0.00317407

0.00467433,0.0282219
0.999995,0.00319403

0.00456693,0.0283492
0.999995,0.003214

0.00445946,0.028476
0.999995,0.00323396

0.00435191,0.0286023
0.999995,0.00325392

0.00424429,0.0287281
0.999995,0.00327389

0.0041366,0.0288535
0.999995,0.00329385

0.00402884,0.0289784
0.999995,0.00331381

0.00392103,0.0291028
0.999994,0.00333377

0.00381315,0.0292268
0.999994,0.00335374

0.00370521,0.0293504
0.999994,0.0033737

0.00359721,0.0294735
0.999994,0.00339366

0.00348916,0.0295962
0.999994,0.00341362

0.00338106,0.0297184
0.999994,0.00343359

0.00327291,0.0298402
0.999994,0.00345355

0.00316471,0.0299615
0.999994,0.00347351

0.00305647,0.0300824
0.999994,0.00349347

0.00294818,0.0302029
0.999994,0.00351344

0.00283985,0.030323
0.999994,0.0035334

0.00273148,0.0304426
0.999994,0.00355336

0.00262308,0.0305618
0.999994,0.00357332

0.00251464,0.0306806
0.999994,0.00359329

0.00240616,0.030799
0.999993,0.00361325

0.00229765,0.0309169
0.999993,0.00363321

0.00218911,0.0310345
0.999993,0.00365318

0.00208054,0.0311517
0.999993,0.00367314

0.00197195,0.0312684
0.999993,0.0036931

0.00186333,0.0313848
0.999993,0.00371306

0.00175468,0.0315007
0.999993,0.00373303

0.00164602,0.0316163
0.999993,0.00375299

0.00153733,0.0317314
0.999993,0.00377295

0.00142863,0.0318462
0.999993,0.00379291

0.0013199,0.0319606
0.999993,0.00381288

0.00121117,0.0320746
0.999993,0.00383284

0.00110241,0.0321882
0.999993,0.0038528

0.000993646,0.0323014
0.999993,0.00387276

0.000884868,0.0324143
0.999992,0.00389273

0.00077608,0.0325267
0.999992,0.00391269

0.000667284,0.0326388
0.999992,0.00393265

0.000558479,0.0327506
0.999992,0.00395261

0.000449669,0.032862
0.999992,0.00397258

0.000340853,0.032973
0.999992,0.00399254

0.000232034,0.0330836
0.999992,0.0040125

0.000123212,0.0331939
0.999992,0.00403246

1.43886e-05,0.0333038
0.999992,0.00405243

-9.44348e-05,0.0334134
0.999992,0.00407239

-0.000203257,0.0335226
0.999992,0.00409235

-0.000312077,0.0336315
0.999992,0.00411231

-0.000420894,0.03374
0.999991,0.00413228

-0.000529707,0.0338481
0.999991,0.00415224

-0.000638514,0.033956
0.999991,0.0041722

-0.000747315,0.0340634
0.999991,0.00419217

-0.000856109,0.0341706
0.999991,0.00421213

-0.000964893,0.0342774
0.999991,0.00423209

-0.00107367,0.0343838
0.999991,0.00425205

-0.00118243,0.03449
0.999991,0.00427202

-0.00129119,0.0345958
0.999991,0.00429198

-0.00139993,0.0347013
0.999991,0.00431194

-0.00150866,0.0348064
0.999991,0.0043319

-0.00161737,0.0349112
0.999991,0.00435187

-0.00172607,0.0350157
0.99999,0.00437183

-0.00183475,0.0351199
0.99999,0.00439179

-0.00194342,0.0352238
0.99999,0.00441175

-0.00205207,0.0353273
0.99999,0.00443172

-0.0021607,0.0354305
0.99999,0.00445168

-0.00226931,0.0355335
0.99999,0.00447164

-0.00237791,0.0356361
0.99999,0.0044916

-0.00248648,0.0357384
0.99999,0.00451157

-0.00259503,0.0358404
0.99999,0.00453153

-0.00270355,0.0359421
0.99999,0.00455149

-0.00281206,0.0360434
0.99999,0.00457145

-0.00292054,0.0361445
0.999989,0.00459142

-0.003029,0.0362453
0.999989,0.00461138

-0.00313743,0.0363458
0.999989,0.00463134

-0.00324584,0.036446
0.999989,0.0046513

-0.00335422,0.0365459
0.999989,0.00467127

-0.00346258,0.0366455
0.999989,0.00469123

-0.0035709,0.0367448
0.999989,0.00471119

-0.0036792,0.0368438
0.999989,0.00473115

-0.00378747,0.0369426
0.999989,0.00475112

-0.00389571,0.037041
0.999989,0.00477108

-0.00400392,0.0371392
0.999989,0.00479104

-0.00411211,0.0372371
0.999988,0.004811

-0.00422026,0.0373347
0.999988,0.00483097

-0.00432837,0.037432
0.999988,0.00485093

-0.00443646,0.0375291
0.999988,0.00487089

-0.00454452,0.0376259
0.999988,0.00489085

-0.00465254,0.0377224
0.999988,0.00491082

-0.00476053,0.0378186
0.999988,0.00493078

-0.00486848,0.0379146
0.999988,0.00495074

-0.0049764,0.0380103
0.999988,0.0049707

-0.00508428,0.0381058
0.999988,0.00499067

-0.00519213,0.0382009
0.999987,0.00501063

-0.00529995,0.0382958
0.999987,0.00503059

-0.00540773,0.0383905
0.999987,0.00505055

-0.00551547,0.0384849
0.999987,0.00507052

-0.00562317,0.038579
0.999987,0.00509048

-0.00573084,0.0386729
0.999987,0.00511044

-0.00583847,0.0387665
0.999987,0.0051304

-0.00594606,0.0388599
0.999987,0.00515037

-0.00605361,0.038953
0.999987,0.00517033

-0.00616112,0.0390458
0.999987,0.00519029

-0.00626859,0.0391384
0.999986,0.00521025

-0.00637603,0.0392308
0.999986,0.00523022

-0.00648342,0.0393229
0.999986,0.00525018

-0.00659077,0.0394148
0.999986,0.00527014

-0.00669809,0.0395064
0.999986,0.0052901

-0.00680536,0.0395978
0.999986,0.00531007

-0.00691259,0.039689
0.999986,0.00533003

-0.00701978,0.0397799
0.999986,0.00534999

-0.00712692,0.0398705
0.999986,0.00536995

-0.00723403,0.039961
0.999985,0.00538992

-0.00734109,0.0400512
0.999985,0.00540988

-0.00744811,0.0401411
0.999985,0.00542984

-0.00755508,0.0402308
0.999985,0.0054498

-0.00766201,0.0403203
0.999985,0.00546977

-0.0077689,0.0404096
0.999985,0.00548973

-0.00787575,0.0404986
0.999985,0.00550969

-0.00798255,0.0405875
0.999985,0.00552965

-0.0080893,0.040676
0.999985,0.00554962

-0.00819601,0.0407644
0.999984,0.00556958

-0.00830268,0.0408525
0.999984,0.00558954

-0.0084093,0.0409404
0.999984,0.0056095

-0.00851587,0.0410281
0.999984,0.00562947

-0.0086224,0.0411156
0.999984,0.00564943

-0.00872888,0.0412029
0.999984,0.00566939

-0.00883532,0.0412899
0.999984,0.00568935

-0.00894171,0.0413767
0.999984,0.00570932

-0.00904806,0.0414633
0.999984,0.00572928

-0.00915435,0.0415497
0.999983,0.00574924

-0.00926061,0.0416359
0.999983,0.0057692

-0.00936681,0.0417218
0.999983,0.00578917

-0.00947297,0.0418076
0.999983,0.00580913

-0.00957907,0.0418931
0.999983,0.00582909

-0.00968514,0.0419785
0.999983,0.00584905

-0.00979115,0.0420636
0.999983,0.00586901

-0.00989711,0.0421485
0.999983,0.00588898

-0.010003,0.0422332
0.999983,0.00590894

-0.0101089,0.0423178
0.999982,0.0059289

-0.0102147,0.0424021
0.999982,0.00594886

-0.0103205,0.0424862
0.999982,0.00596883

-0.0104262,0.0425701
0.999982,0.00598879

-0.0105319,0.0426538
0.999982,0.00600875

-0.0106375,0.0427373
0.999982,0.00602871

-0.0107431,0.0428206
0.999982,0.00604868

-0.0108486,0.0429037
0.999982,0.00606864

-0.0109541,0.0429867
0.999981,0.0060886

-0.0110595,0.0430694
0.999981,0.00610856

-0.0111649,0.0431519
0.999981,0.00612853

-0.0112702,0.0432343
0.999981,0.00614849

-0.0113755,0.0433164
0.999981,0.00616845

-0.0114807,0.0433984
0.999981,0.00618841

-0.0115859,0.0434802
0.999981,0.00620838

-0.011691,0.0435617
0.999981,0.00622834

-0.0117961,0.0436431
0.99998,0.0062483

-0.0119012,0.0437243
0.99998,0.00626826

-0.0120061,0.0438054
0.99998,0.00628822

-0.0121111,0.0438862
0.99998,0.00630819

-0.0122159,0.0439669
0.99998,0.00632815

-0.0123208,0.0440473
0.99998,0.00634811

-0.0124255,0.0441276
0.99998,0.00636807

-0.0125303,0.0442077
0.99998,0.00638804

-0.0126349,0.0442877
0.999979,0.006408

-0.0127396,0.0443674
0.999979,0.00642796

-0.0128441,0.044447
0.999979,0.00644792

-0.0129486,0.0445264
0.999979,0.00646789

-0.0130531,0.0446056
0.999979,0.00648785

-0.0131575,0.0446847
0.999979,0.00650781

-0.0132619,0.0447635
0.999979,0.00652777

-0.0133662,0.0448422
0.999979,0.00654774

-0.0134705,0.0449208
0.999978,0.0065677

-0.0135747,0.0449991
0.999978,0.00658766

-0.0136788,0.0450773
0.999978,0.00660762

-0.013783,0.0451553
0.999978,0.00662758

-0.013887,0.0452332
0.999978,0.00664755

-0.013991,0.0453108
0.999978,0.00666751

-0.014095,0.0453883
0.999978,0.00668747

-0.0141989,0.0454657
0.999978,0.00670743

-0.0143027,0.0455429
0.999977,0.0067274

-0.0144065,0.0456199
0.999977,0.00674736

-0.0145103,0.0456967
0.999977,0.00676732

-0.014614,0.0457734
0.999977,0.00678728

-0.0147176,0.0458499
0.999977,0.00680725

-0.0148212,0.0459263
0.999977,0.00682721

-0.0149247,0.0460025
0.999977,0.00684717

-0.0150282,0.0460785
0.999976,0.00686713

-0.0151316,0.0461544
0.999976,0.00688709

-0.015235,0.0462301
0.999976,0.00690706

-0.0153383,0.0463056
0.999976,0.00692702

-0.0154416,0.046381
0.999976,0.00694698

-0.0155449,0.0464563
0.999976,0.00696694

-0.015648,0.0465314
0.999976,0.00698691

-0.0157511,0.0466063
0.999975,0.00700687

-0.0158542,0.0466811
0.999975,0.00702683

-0.0159572,0.0467557
0.999975,0.00704679

-0.0160602,0.0468302
0.999975,0.00706675

-0.0161631,0.0469045
0.999975,0.00708672

-0.016266,0.0469787
0.999975,0.00710668

-0.0163688,0.0470527
0.999975,0.00712664

-0.0164715,0.0471265
0.999974,0.0071466

-0.0165742,0.0472003
0.999974,0.00716657

-0.0166769,0.0472738
0.999974,0.00718653

-0.0167795,0.0473472
0.999974,0.00720649

-0.016882,0.0474205
0.999974,0.00722645

-0.0169845,0.0474936
0.999974,0.00724641

-0.017087,0.0475666
0.999974,0.00726638

-0.0171893,0.0476395
0.999973,0.00728634

-0.0172917,0.0477121
0.999973,0.0073063

-0.017394,0.0477847
0.999973,0.00732626

-0.0174962,0.0478571
0.999973,0.00734623

-0.0175984,0.0479294
0.999973,0.00736619

-0.0177005,0.0480015
0.999973,0.00738615

-0.0178026,0.0480734
0.999973,0.00740611

-0.0179046,0.0481453
0.999972,0.00742607

-0.0180066,0.048217
0.999972,0.00744604

-0.0181085,0.0482885
0.999972,0.007466

-0.0182104,0.04836
0.999972,0.00748596

-0.0183122,0.0484312
0.999972,0.00750592

-0.0184139,0.0485024
0.999972,0.00752589

-0.0185157,0.0485734
0.999972,0.00754585

-0.0186173,0.0486442
0.999971,0.00756581

-0.0187189,0.048715
0.999971,0.00758577

-0.0188205,0.0487856
0.999971,0.00760573

-0.018922,0.048856
0.999971,0.0076257

-0.0190234,0.0489264
0.999971,0.00764566

-0.0191248,0.0489966
0.999971,0.00766562

-0.0192262,0.0490666
0.99997,0.00768558

-0.0193275,0.0491365
0.99997,0.00770555

-0.0194287,0.0492063
0.99997,0.00772551

-0.0195299,0.049276
0.99997,0.00774547

-0.019631,0.0493455
0.99997,0.00776543

-0.0197321,0.0494149
0.99997,0.00778539

-0.0198332,0.0494842
0.99997,0.00780536

-0.0199342,0.0495534
0.999969,0.00782532

-0.0200351,0.0496224
0.999969,0.00784528

-0.020136,0.0496913
0.999969,0.00786524

-0.0202368,0.04976
0.999969,0.0078852

-0.0203376,0.0498287
0.999969,0.00790517

-0.0204383,0.0498972
0.999969,0.00792513

-0.020539,0.0499656
0.999968,0.00794509

-0.0206396,0.0500338
0.999968,0.00796505

-0.0207402,0.050102
0.999968,0.00798502

-0.0208407,0.05017
0.999968,0.00800498

-0.0209412,0.0502379
0.999968,0.00802494

-0.0210416,0.0503056
0.999968,0.0080449

-0.021142,0.0503733
0.999967,0.00806486

-0.0212423,0.0504408
0.999967,0.00808483

-0.0213426,0.0505082
0.999967,0.00810479

-0.0214428,0.0505755
0.999967,0.00812475

-0.0215429,0.0506426
0.999967,0.00814471

-0.021643,0.0507097
0.999967,0.00816467

-0.0217431,0.0507766
0.999967,0.00818464

-0.0218431,0.0508434
0.999966,0.0082046

-0.0219431,0.0509101
0.999966,0.00822456

-0.022043,0.0509766
0.999966,0.00824452

-0.0221428,0.0510431
0.999966,0.00826448

-0.0222427,0.0511094
0.999966,0.00828445

-0.0223424,0.0511756
0.999966,0.00830441

-0.0224421,0.0512417
0.999965,0.00832437

-0.0225418,0.0513077
0.999965,0.00834433

-0.0226414,0.0513736
0.999965,0.00836429

-0.0227409,0.0514393
0.999965,0.00838426

-0.0228404,0.051505
0.999965,0.00840422

-0.0229399,0.0515705
0.999965,0.00842418

-0.0230393,0.0516359
0.999964,0.00844414

-0.0231386,0.0517012
0.999964,0.0084641

-0.023238,0.0517664
0.999964,0.00848407

-0.0233372,0.0518315
0.999964,0.00850403

-0.0234364,0.0518964
0.999964,0.00852399

-0.0235356,0.0519613
0.999963,0.00854395

-0.0236347,0.052026
0.999963,0.00856392

-0.0237337,0.0520907
0.999963,0.00858388

-0.0238327,0.0521552
0.999963,0.00860384

-0.0239317,0.0522196
0.999963,0.0086238

-0.0240306,0.0522839
0.999963,0.00864376

-0.0241294,0.0523481
0.999962,0.00866373

-0.0242282,0.0524122
0.999962,0.00868369

-0.024327,0.0524762
0.999962,0.00870365

-0.0244257,0.05254
0.999962,0.00872361

-0.0245243,0.0526038
0.999962,0.00874357

-0.0246229,0.0526675
0.999962,0.00876354

-0.0247215,0.052731
0.999961,0.0087835

-0.02482,0.0527945
0.999961,0.00880346

-0.0249185,0.0528578
0.999961,0.00882342

-0.0250169,0.0529211
0.999961,0.00884338

-0.0251152,0.0529842
0.999961,0.00886334

-0.0252135,0.0530472
0.999961,0.00888331

-0.0253118,0.0531102
0.99996,0.00890327

-0.02541,0.053173
0.99996,0.00892323

-0.0255082,0.0532357
0.99996,0.00894319

-0.0256063,0.0532983
0.99996,0.00896315

-0.0258024,0.0534233
0.999959,0.00900308

-0.0259983,0.0535478
0.999959,0.009043

-0.0261939,0.0536719
0.999959,0.00908293

-0.0263894,0.0537957
0.999958,0.00912285

-0.0265847,0.053919
0.999958,0.00916277

-0.0267799,0.054042
0.999958,0.0092027

-0.0269748,0.0541645
0.999957,0.00924262

-0.0271695,0.0542867
0.999957,0.00928255

-0.027364,0.0544085
0.999957,0.00932247

-0.0275584,0.0545299
0.999956,0.00936239

-0.0277525,0.0546509
0.999956,0.00940232

-0.0279465,0.0547716
0.999955,0.00944224

-0.0281403,0.0548919
0.999955,0.00948216

-0.0283338,0.0550118
0.999955,0.00952209

-0.0285272,0.0551314
0.999954,0.00956201

-0.0287204,0.0552506
0.999954,0.00960194

-0.0289135,0.0553694
0.999954,0.00964186

-0.0291063,0.0554878
0.999953,0.00968178

-0.0292989,0.055606
0.999953,0.00972171

-0.0294914,0.0557237
0.999952,0.00976163

-0.0296837,0.0558411
0.999952,0.00980155

-0.0298757,0.0559582
0.999952,0.00984148

-0.0300676,0.0560749
0.999951,0.0098814

-0.0302594,0.0561913
0.999951,0.00992132

-0.0304509,0.0563073
0.99995,0.00996125

-0.0306422,0.056423
0.99995,0.0100012

-0.0308334,0.0565384
0.99995,0.0100411

-0.0310244,0.0566534
0.999949,0.010081

-0.0312152,0.0567681
0.999949,0.0101209

-0.0314058,0.0568824
0.999948,0.0101609

-0.0315963,0.0569965
0.999948,0.0102008

-0.0317865,0.0571102
0.999948,0.0102407

-0.0319766,0.0572235
0.999947,0.0102806

-0.0321665,0.0573366
0.999947,0.0103206

-0.0323562,0.0574494
0.999946,0.0103605

-0.0325458,0.0575618
0.999946,0.0104004

-0.0327351,0.0576739
0.999945,0.0104403

-0.0329243,0.0577857
0.999945,0.0104803

-0.0331133,0.0578972
0.999945,0.0105202

-0.0333022,0.0580084
0.999944,0.0105601

-0.0334908,0.0581193
0.999944,0.0106

-0.0336793,0.0582298
0.999943,0.0106399

-0.0338676,0.0583401
0.999943,0.0106799

-0.0340558,0.0584501
0.999943,0.0107198

-0.0342437,0.0585598
0.999942,0.0107597

-0.0344315,0.0586691
0.999942,0.0107996

-0.0346192,0.0587782
0.999941,0.0108396

-0.0348066,0.058887
0.999941,0.0108795

-0.0349939,0.0589955
0.99994,0.0109194

-0.035181,0.0591037
0.99994,0.0109593

-0.0353679,0.0592116
0.99994,0.0109993

-0.0355547,0.0593193
0.999939,0.0110392

-0.0357413,0.0594266
0.999939,0.0110791

-0.0359277,0.0595337
0.999938,0.011119

-0.036114,0.0596405
0.999938,0.0111589

-0.0363,0.059747
0.999937,0.0111989

-0.036486,0.0598533
0.999937,0.0112388

-0.0366717,0.0599593
0.999936,0.0112787

-0.0368573,0.060065
0.999936,0.0113186

-0.0370427,0.0601704
0.999935,0.0113586

-0.037228,0.0602755
0.999935,0.0113985

-0.0374131,0.0603804
0.999935,0.0114384

-0.037598,0.0604851
0.999934,0.0114783

-0.0377827,0.0605894
0.999934,0.0115183

-0.0379673,0.0606935
0.999933,0.0115582

-0.0381518,0.0607973
0.999933,0.0115981

-0.038336,0.0609009
0.999932,0.011638

-0.0385201,0.0610042
0.999932,0.0116779

-0.0387041,0.0611073
0.999931,0.0117179

-0.0388879,0.0612101
0.999931,0.0117578

-0.0390715,0.0613127
0.99993,0.0117977

-0.039255,0.061415
0.99993,0.0118376

-0.0394383,0.061517
0.999929,0.0118776

-0.0396214,0.0616188
0.999929,0.0119175

-0.0398044,0.0617204
0.999929,0.0119574

-0.0399872,0.0618217
0.999928,0.0119973

-0.0401699,0.0619228
0.999928,0.0120372

-0.0403524,0.0620236
0.999927,0.0120772

-0.0405347,0.0621242
0.999927,0.0121171

-0.0407169,0.0622245
0.999926,0.012157

-0.040899,0.0623246
0.999926,0.0121969

-0.0410809,0.0624245
0.999925,0.0122369

-0.0412626,0.0625241
0.999925,0.0122768

-0.0414442,0.0626235
0.999924,0.0123167

-0.0416256,0.0627226
0.999924,0.0123566

-0.0418068,0.0628216
0.999923,0.0123966

-0.0419879,0.0629203
0.999923,0.0124365

-0.0421689,0.0630187
0.999922,0.0124764

-0.0423497,0.063117
0.999922,0.0125163

-0.0425304,0.063215
0.999921,0.0125562

-0.0427109,0.0633128
0.999921,0.0125962

-0.0428912,0.0634103
0.99992,0.0126361

-0.0430714,0.0635077
0.99992,0.012676

-0.0432515,0.0636048
0.999919,0.0127159

-0.0434314,0.0637017
0.999919,0.0127559

-0.0436111,0.0637984
0.999918,0.0127958

-0.0437907,0.0638948
0.999918,0.0128357

-0.0439701,0.0639911
0.999917,0.0128756

-0.0441495,0.0640871
0.999917,0.0129155

-0.0443286,0.0641829
0.999916,0.0129555

-0.0445076,0.0642785
0.999916,0.0129954

-0.0446865,0.0643739
0.999915,0.0130353

-0.0448652,0.0644691
0.999915,0.0130752

-0.0450438,0.064564
0.999914,0.0131152

-0.0452222,0.0646588
0.999913,0.0131551

-0.0454005,0.0647533
0.999913,0.013195

-0.0455786,0.0648477
0.999912,0.0132349

-0.0457566,0.0649418
0.999912,0.0132748

-0.0459344,0.0650357
0.999911,0.0133148

-0.0461121,0.0651295
0.999911,0.0133547

-0.0462897,0.065223
0.99991,0.0133946

-0.0464671,0.0653163
0.99991,0.0134345

-0.0466443,0.0654094
0.999909,0.0134744

-0.0468215,0.0655024
0.999909,0.0135144

-0.0469985,0.0655951
0.999908,0.0135543

-0.0471753,0.0656876
0.999908,0.0135942

-0.047352,0.06578
0.999907,0.0136341

-0.0475286,0.0658721
0.999907,0.0136741

-0.047705,0.0659641
0.999906,0.013714

-0.0478813,0.0660558
0.999905,0.0137539

-0.0480574,0.0661474
0.999905,0.0137938

-0.0482334,0.0662387
0.999904,0.0138337

-0.0484093,0.0663299
0.999904,0.0138737

-0.048585,0.0664209
0.999903,0.0139136

-0.0487606,0.0665117
0.999903,0.0139535

-0.0489361,0.0666023
0.999902,0.0139934

-0.0491114,0.0666928
0.999902,0.0140334

-0.0492866,0.066783
0.999901,0.0140733

-0.0494616,0.0668731
0.9999,0.0141132

-0.0496365,0.0669629
0.9999,0.0141531

-0.0498113,0.0670526
0.999899,0.014193

-0.049986,0.0671421
0.999899,0.014233

-0.0501605,0.0672315
0.999898,0.0142729

-0.0503348,0.0673206
0.999898,0.0143128

-0.0505091,0.0674096
0.999897,0.0143527

-0.0506832,0.0674984
0.999896,0.0143926

-0.0508572,0.067587
0.999896,0.0144326

-0.051031,0.0676755
0.999895,0.0144725

-0.0512047,0.0677637
0.999895,0.0145124

-0.0513783,0.0678518
0.999894,0.0145523

-0.0515517,0.0679397
0.999894,0.0145923

-0.051725,0.0680275
0.999893,0.0146322

-0.0518982,0.068115
0.999892,0.0146721

-0.0520713,0.0682024
0.999892,0.014712

-0.0522442,0.0682897
0.999891,0.0147519

-0.052417,0.0683767
0.999891,0.0147919

-0.0525896,0.0684636
0.99989,0.0148318

-0.0527622,0.0685504
0.999889,0.0148717

-0.0529346,0.0686369
0.999889,0.0149116

-0.0531068,0.0687233
0.999888,0.0149515

-0.053279,0.0688095
0.999888,0.0149915

-0.053451,0.0688956
0.999887,0.0150314

-0.0536229,0.0689815
0.999886,0.0150713

-0.0537947,0.0690672
0.999886,0.0151112

-0.0539663,0.0691528
0.999885,0.0151511

-0.0541378,0.0692382
0.999885,0.0151911

-0.0543092,0.0693235
0.999884,0.015231

-0.0544805,0.0694085
0.999883,0.0152709

-0.0546516,0.0694935
0.999883,0.0153108

-0.0548226,0.0695782
0.999882,0.0153508

-0.0549935,0.0696628
0.999882,0.0153907

-0.0551643,0.0697473
0.999881,0.0154306

-0.0553349,0.0698316
0.99988,0.0154705

-0.0555054,0.0699157
0.99988,0.0155104

-0.0556758,0.0699997
0.999879,0.0155504

-0.0558461,0.0700836
0.999878,0.0155903

-0.0560162,0.0701672
0.999878,0.0156302

-0.0561863,0.0702508
0.999877,0.0156701

-0.0563562,0.0703341
0.999877,0.01571

-0.0565259,0.0704174
0.999876,0.01575

-0.0566956,0.0705004
0.999875,0.0157899

-0.0568651,0.0705834
0.999875,0.0158298

-0.0570346,0.0706661
0.999874,0.0158697

-0.0572039,0.0707488
0.999873,0.0159096

-0.057373,0.0708312
0.999873,0.0159496

-0.0575421,0.0709136
0.999872,0.0159895

-0.057711,0.0709957
0.999872,0.0160294

-0.0578799,0.0710778
0.999871,0.0160693

-0.0580486,0.0711597
0.99987,0.0161092

-0.0582171,0.0712414
0.99987,0.0161492

-0.0583856,0.071323
0.999869,0.0161891

-0.058554,0.0714045
0.999868,0.016229

-0.0587222,0.0714858
0.999868,0.0162689

-0.0588903,0.0715669
0.999867,0.0163088

-0.0590583,0.071648
0.999866,0.0163488

-0.0592262,0.0717288
0.999866,0.0163887

-0.0593939,0.0718096
0.999865,0.0164286

-0.0595616,0.0718902
0.999864,0.0164685

-0.0597291,0.0719707
0.999864,0.0165084

-0.0598965,0.072051
0.999863,0.0165484

-0.0600639,0.0721312
0.999862,0.0165883

-0.060231,0.0722112
0.999862,0.0166282

-0.0603981,0.0722911
0.999861,0.0166681

-0.0605651,0.0723709
0.99986,0.016708

-0.0607319,0.0724506
0.99986,0.016748

-0.0608987,0.0725301
0.999859,0.0167879

-0.0610653,0.0726094
0.999858,0.0168278

-0.0612318,0.0726887
0.999858,0.0168677

-0.0613982,0.0727678
0.999857,0.0169076

-0.0615645,0.0728468
0.999856,0.0169476

-0.0617306,0.0729256
0.999856,0.0169875

-0.0618967,0.0730043
0.999855,0.0170274

-0.0620626,0.0730829
0.999854,0.0170673

-0.0622285,0.0731613
0.999854,0.0171072

-0.0623942,0.0732396
0.999853,0.0171472

-0.0625598,0.0733178
0.999852,0.0171871

-0.0627253,0.0733959
0.999852,0.017227

-0.0628907,0.0734738
0.999851,0.0172669

-0.063056,0.0735516
0.99985,0.0173068

-0.0632212,0.0736293
0.99985,0.0173468

-0.0633862,0.0737068
0.999849,0.0173867

-0.0635512,0.0737842
0.999848,0.0174266

-0.063716,0.0738615
0.999847,0.0174665

-0.0638808,0.0739387
0.999847,0.0175064

-0.0640454,0.0740157
0.999846,0.0175464

-0.0642099,0.0740926
0.999845,0.0175863

-0.0643743,0.0741694
0.999845,0.0176262

-0.0645386,0.0742461
0.999844,0.0176661

-0.0647028,0.0743226
0.999843,0.017706

-0.0648669,0.074399
0.999843,0.017746

-0.0650309,0.0744753
0.999842,0.0177859

-0.0651948,0.0745515
0.999841,0.0178258

-0.0653586,0.0746276
0.99984,0.0178657

-0.0655223,0.0747035
0.99984,0.0179056

-0.0656858,0.0747793
0.999839,0.0179455

-0.0658493,0.074855
0.999838,0.0179855

-0.0660126,0.0749306
0.999838,0.0180254

-0.0661759,0.0750061
0.999837,0.0180653

-0.066339,0.0750814
0.999836,0.0181052

-0.0665021,0.0751566
0.999835,0.0181451

-0.066665,0.0752317
0.999835,0.0181851

-0.0668278,0.0753067
0.999834,0.018225

-0.0669906,0.0753816
0.999833,0.0182649

-0.0671532,0.0754563
0.999832,0.0183048

-0.0673157,0.075531
0.999832,0.0183447

-0.0674782,0.0756055
0.999831,0.0183847

-0.0676405,0.0756799
0.99983,0.0184246

-0.0678027,0.0757542
0.99983,0.0184645

-0.0679648,0.0758284
0.999829,0.0185044

-0.0681268,0.0759025
0.999828,0.0185443

-0.0682887,0.0759764
0.999827,0.0185843

-0.0684505,0.0760503
0.999827,0.0186242

-0.0686123,0.076124
0.999826,0.0186641

-0.0687739,0.0761976
0.999825,0.018704

-0.0689354,0.0762711
0.999824,0.0187439

-0.0690968,0.0763445
0.999824,0.0187838

-0.0692581,0.0764178
0.999823,0.0188238

-0.0694193,0.076491
0.999822,0.0188637

-0.0695804,0.076564
0.999821,0.0189036

-0.0697414,0.076637
0.999821,0.0189435

-0.0699023,0.0767099
0.99982,0.0189834

-0.0700632,0.0767826
0.999819,0.0190234

-0.0702239,0.0768552
0.999818,0.0190633

-0.0703845,0.0769278
0.999818,0.0191032

-0.070545,0.0770002
0.999817,0.0191431

-0.0707054,0.0770725
0.999816,0.019183

-0.0708658,0.0771447
0.999815,0.0192229

-0.071026,0.0772168
0.999814,0.0192629

-0.0711861,0.0772888
0.999814,0.0193028

-0.0713461,0.0773607
0.999813,0.0193427

-0.0715061,0.0774325
0.999812,0.0193826

-0.0718257,0.0775757
0.999811,0.0194625

-0.0721449,0.0777186
0.999809,0.0195423

-0.0724637,0.077861
0.999807,0.0196221

-0.0727821,0.078003
0.999806,0.019702

-0.0731002,0.0781446
0.999804,0.0197818

-0.0734179,0.0782858
0.999803,0.0198616

-0.0737352,0.0784266
0.999801,0.0199415

-0.0740521,0.0785671
0.9998,0.0200213

-0.0743687,0.0787071
0.999798,0.0201011

-0.0746849,0.0788467
0.999796,0.020181

-0.0750007,0.078986
0.999795,0.0202608

-0.0753161,0.0791248
0.999793,0.0203406

-0.0756312,0.0792633
0.999791,0.0204205

-0.075946,0.0794014
0.99979,0.0205003

-0.0762603,0.0795391
0.999788,0.0205801

-0.0765743,0.0796764
0.999787,0.02066

-0.076888,0.0798134
0.999785,0.0207398

-0.0772013,0.07995
0.999783,0.0208196

-0.0775142,0.0800862
0.999782,0.0208995

-0.0778268,0.0802221
0.99978,0.0209793

-0.078139,0.0803576
0.999778,0.0210591

-0.0784509,0.0804927
0.999777,0.021139

-0.0787625,0.0806275
0.999775,0.0212188

-0.0790736,0.0807619
0.999773,0.0212986

-0.0793845,0.080896
0.999771,0.0213785

-0.079695,0.0810297
0.99977,0.0214583

-0.0800051,0.0811631
0.999768,0.0215381

-0.0803149,0.0812961
0.999766,0.021618

-0.0806244,0.0814288
0.999765,0.0216978

-0.0809335,0.0815612
0.999763,0.0217776

-0.0812423,0.0816932
0.999761,0.0218575

-0.0815508,0.0818248
0.999759,0.0219373

-0.0818589,0.0819562
0.999758,0.0220171

-0.0821667,0.0820872
0.999756,0.022097

-0.0824742,0.0822178
0.999754,0.0221768

-0.0827813,0.0823482
0.999752,0.0222566

-0.0830881,0.0824782
0.999751,0.0223365

-0.0833946,0.0826079
0.999749,0.0224163

-0.0837008,0.0827372
0.999747,0.0224961

-0.0840066,0.0828663
0.999745,0.022576

-0.0843121,0.082995
0.999743,0.0226558

-0.0846173,0.0831234
0.999742,0.0227356

-0.0849221,0.0832515
0.99974,0.0228154

-0.0852267,0.0833793
0.999738,0.0228953

-0.0855309,0.0835068
0.999736,0.0229751

-0.0858348,0.0836339
0.999734,0.0230549

-0.0861384,0.0837608
0.999732,0.0231348

-0.0864417,0.0838873
0.999731,0.0232146

-0.0867447,0.0840136
0.999729,0.0232944

-0.0870473,0.0841395
0.999727,0.0233743

-0.0873497,0.0842652
0.999725,0.0234541

-0.0876517,0.0843905
0.999723,0.0235339

-0.0879535,0.0845156
0.999721,0.0236137

-0.0882549,0.0846404
0.999719,0.0236936

-0.088556,0.0847648
0.999717,0.0237734

-0.0888568,0.084889
0.999715,0.0238532

-0.0891574,0.0850129
0.999714,0.0239331

-0.0894576,0.0851365
0.999712,0.0240129

-0.0897575,0.0852598
0.99971,0.0240927

-0.0900571,0.0853829
0.999708,0.0241725

-0.0903564,0.0855056
0.999706,0.0242524

-0.0906555,0.0856281
0.999704,0.0243322

-0.0909542,0.0857503
0.999702,0.024412

-0.0912526,0.0858722
0.9997,0.0244918

-0.0915508,0.0859938
0.999698,0.0245717

-0.0918486,0.0861152
0.999696,0.0246515

-0.0921462,0.0862363
0.999694,0.0247313

-0.0924434,0.0863571
0.999692,0.0248112

-0.0927404,0.0864777
0.99969,0.024891

-0.0930371,0.0865979
0.999688,0.0249708

-0.0933335,0.086718
0.999686,0.0250506

-0.0936296,0.0868377
0.999684,0.0251305

-0.0939255,0.0869572
0.999682,0.0252103

-0.094221,0.0870764
0.99968,0.0252901

-0.0945163,0.0871954
0.999678,0.0253699

-0.0948113,0.0873141
0.999676,0.0254498

-0.095106,0.0874326
0.999674,0.0255296

-0.0954005,0.0875508
0.999672,0.0256094

-0.0956946,0.0876687
0.99967,0.0256892

-0.0959885,0.0877864
0.999668,0.0257691

-0.0962821,0.0879038
0.999666,0.0258489

-0.0965754,0.088021
0.999664,0.0259287

-0.0968685,0.088138
0.999662,0.0260085

-0.0971613,0.0882547
0.99966,0.0260884

-0.0974538,0.0883711
0.999658,0.0261682

-0.097746,0.0884873
0.999655,0.026248

-0.098038,0.0886032
0.999653,0.0263278

-0.0983297,0.088719
0.999651,0.0264076

-0.0986212,0.0888344
0.999649,0.0264875

-0.0989123,0.0889497
0.999647,0.0265673

-0.0992032,0.0890647
0.999645,0.0266471

-0.0994939,0.0891794
0.999643,0.0267269

-0.0997843,0.0892939
0.999641,0.0268068

-0.100074,0.0894082
0.999638,0.0268866

-0.100364,0.0895223
0.999636,0.0269664

-0.100654,0.0896361
0.999634,0.0270462

-0.100943,0.0897497
0.999632,0.027126

-0.101232,0.089863
0.99963,0.0272059

-0.101521,0.0899762
0.999628,0.0272857

-0.10181,0.0900891
0.999625,0.0273655

-0.102098,0.0902017
0.999623,0.0274453

-0.102386,0.0903142
0.999621,0.0275252

-0.102674,0.0904264
0.999619,0.027605

-0.102961,0.0905384
0.999617,0.0276848

-0.103249,0.0906502
0.999614,0.0277646

-0.103536,0.0907618
0.999612,0.0278444

-0.103822,0.0908731
0.99961,0.0279243

-0.104109,0.0909842
0.999608,0.0280041

-0.104395,0.0910951
0.999606,0.0280839

-0.104681,0.0912058
0.999603,0.0281637

-0.104967,0.0913163
0.999601,0.0282435

-0.105253,0.0914265
0.999599,0.0283234

-0.105538,0.0915366
0.999597,0.0284032

-0.105823,0.0916464
0.999594,0.028483

-0.106108,0.091756
0.999592,0.0285628

-0.106392,0.0918655
0.99959,0.0286426

-0.106677,0.0919747
0.999587,0.0287224

-0.106961,0.0920837
0.999585,0.0288023

-0.107245,0.0921925
0.999583,0.0288821

-0.107528,0.092301
0.999581,0.0289619

-0.107812,0.0924094
0.999578,0.0290417

-0.108095,0.0925176
0.999576,0.0291215

-0.108378,0.0926256
0.999574,0.0292014

-0.10866,0.0927333
0.999571,0.0292812

-0.108943,0.0928409
0.999569,0.029361

-0.109225,0.0929483
0.999567,0.0294408

-0.109507,0.0930555
0.999564,0.0295206

-0.109789,0.0931624
0.999562,0.0296004

-0.11007,0.0932692
0.999559,0.0296802

-0.110351,0.0933758
0.999557,0.0297601

-0.110633,0.0934822
0.999555,0.0298399

-0.110913,0.0935884
0.999552,0.0299197

-0.111194,0.0936944
0.99955,0.0299995

-0.111474,0.0938002
0.999548,0.0300793

-0.111754,0.0939058
0.999545,0.0301591

-0.112034,0.0940112
0.999543,0.030239

-0.112314,0.0941164
0.99954,0.0303188

-0.112593,0.0942215
0.999538,0.0303986

-0.112873,0.0943263
0.999535,0.0304784

-0.113152,0.094431
0.999533,0.0305582

-0.11343,0.0945355
0.999531,0.030638

-0.113709,0.0946398
0.999528,0.0307178

-0.113987,0.0947439
0.999526,0.0307977

-0.114265,0.0948478
0.999523,0.0308775

-0.114543,0.0949516
0.999521,0.0309573

-0.114821,0.0950551
0.999518,0.0310371

-0.115098,0.0951585
0.999516,0.0311169

-0.115375,0.0952617
0.999513,0.0311967

-0.115653,0.0953648
0.999511,0.0312765

-0.115929,0.0954676
0.999508,0.0313563

-0.116206,0.0955703
0.999506,0.0314362

-0.116482,0.0956728
0.999503,0.031516

-0.116758,0.0957751
0.999501,0.0315958

-0.117034,0.0958772
0.999498,0.0316756

-0.11731,0.0959792
0.999496,0.0317554

-0.117586,0.096081
0.999493,0.0318352

-0.117861,0.0961826
0.999491,0.031915

-0.118136,0.096284
0.999488,0.0319948

-0.118411,0.0963853
0.999485,0.0320746

-0.118685,0.0964864
0.999483,0.0321544

-0.11896,0.0965873
0.99948,0.0322343

-0.119234,0.0966881
0.999478,0.0323141

-0.119508,0.0967887
0.999475,0.0323939

-0.119782,0.0968891
0.999473,0.0324737

-0.120056,0.0969894
0.99947,0.0325535

-0.120329,0.0970895
0.999467,0.0326333

-0.120602,0.0971894
0.999465,0.0327131

-0.120875,0.0972891
0.999462,0.0327929

-0.121148,0.0973887
0.99946,0.0328727

-0.121421,0.0974882
0.999457,0.0329525

-0.121693,0.0975874
0.999454,0.0330323

-0.121965,0.0976865
0.999452,0.0331121

-0.122237,0.0977855
0.999449,0.033192

-0.122509,0.0978843
0.999446,0.0332718

-0.122781,0.0979829
0.999444,0.0333516

-0.123052,0.0980814
0.999441,0.0334314

-0.123323,0.0981797
0.999438,0.0335112

-0.123594,0.0982778
0.999436,0.033591

-0.123865,0.0983758
0.999433,0.0336708

-0.124135,0.0984736
0.99943,0.0337506

-0.124406,0.0985713
0.999428,0.0338304

-0.124676,0.0986688
0.999425,0.0339102

-0.124946,0.0987662
0.999422,0.03399

-0.125216,0.0988634
0.999419,0.0340698

-0.125485,0.0989605
0.999417,0.0341496

-0.125755,0.0990574
0.999414,0.0342294

-0.126024,0.0991541
0.999411,0.0343092

-0.126293,0.0992507
0.999409,0.034389

-0.126562,0.0993472
0.999406,0.0344688

-0.126831,0.0994435
0.999403,0.0345486

-0.127099,0.0995396
0.9994,0.0346284

-0.127367,0.0996356
0.999397,0.0347082

-0.127635,0.0997315
0.999395,0.0347881

-0.127903,0.0998272
0.999392,0.0348679

-0.128171,0.0999227
0.999389,0.0349477

-0.128438,0.100018
0.999386,0.0350275

-0.128706,0.100113
0.999384,0.0351073

-0.128973,0.100209
0.999381,0.0351871

-0.12924,0.100303
0.999378,0.0352669

-0.129507,0.100398
0.999375,0.0353467

-0.129773,0.100493
0.999372,0.0354265

-0.13004,0.100588
0.999369,0.0355063

-0.130306,0.100682
0.999367,0.0355861

-0.130572,0.100776
0.999364,0.0356659

-0.130838,0.10087
0.999361,0.0357457

-0.131103,0.100964
0.999358,0.0358255

-0.131369,0.101058
0.999355,0.0359053

-0.131634,0.101152
0.999352,0.0359851

-0.131899,0.101245
0.999349,0.0360649

-0.132164,0.101339
0.999347,0.0361447

-0.132429,0.101432
0.999344,0.0362245

-0.132693,0.101525
0.999341,0.0363043

-0.132958,0.101618
0.999338,0.0363841

-0.133222,0.101711
0.999335,0.0364639

-0.133486,0.101804
0.999332,0.0365437

-0.13375,0.101896
0.999329,0.0366235

-0.134013,0.101989
0.999326,0.0367033

-0.134277,0.102081
0.999323,0.036783

-0.13454,0.102173
0.99932,0.0368628

-0.134803,0.102265
0.999317,0.0369426

-0.135066,0.102357
0.999314,0.0370224

-0.135329,0.102449
0.999311,0.0371022

-0.135592,0.102541
0.999309,0.037182

-0.135854,0.102632
0.999306,0.0372618

-0.136116,0.102724
0.999303,0.0373416

-0.136379,0.102815
0.9993,0.0374214

-0.13664,0.102906
0.999297,0.0375012

-0.136902,0.102997
0.999294,0.037581

-0.137164,0.103088
0.999291,0.0376608

-0.137425,0.103179
0.999288,0.0377406

-0.137686,0.103269
0.999285,0.0378204

-0.137947,0.10336
0.999282,0.0379002

-0.138208,0.10345
0.999279,0.03798

-0.138469,0.10354
0.999275,0.0380598

-0.13873,0.10363
0.999272,0.0381396

-0.13899,0.10372
0.999269,0.0382194

-0.13925,0.10381
0.999266,0.0382991

-0.13951,0.1039
0.999263,0.0383789

-0.13977,0.103989
0.99926,0.0384587

-0.14003,0.104079
0.999257,0.0385385

-0.140289,0.104168
0.999254,0.0386183

-0.140549,0.104258
0.999251,0.0386981

-0.140808,0.104347
0.999248,0.0387779

-0.141067,0.104436
0.999245,0.0388577

-0.141326,0.104524
0.999242,0.0389375

-0.141585,0.104613
0.999239,0.0390173

-0.141843,0.104702
0.999235,0.0390971

-0.142102,0.10479
0.999232,0.0391768

-0.14236,0.104879
0.999229,0.0392566

-0.142618,0.104967
0.999226,0.0393364

-0.142876,0.105055
0.999223,0.0394162

-0.143391,0.105231
0.999217,0.0395758

-0.143906,0.105406
0.99921,0.0397354

-0.14442,0.105581
0.999204,0.0398949

-0.144933,0.105756
0.999197,0.0400545

-0.145446,0.10593
0.999191,0.0402141

-0.145958,0.106104
0.999185,0.0403737

-0.14647,0.106277
0.999178,0.0405332

-0.146981,0.106449
0.999172,0.0406928

-0.147491,0.106622
0.999165,0.0408524

-0.148,0.106793
0.999159,0.0410119

-0.148509,0.106965
0.999152,0.0411715

-0.149018,0.107136
0.999146,0.0413311

-0.149526,0.107306
0.999139,0.0414906

-0.150033,0.107476
0.999132,0.0416502

-0.15054,0.107646
0.999126,0.0418098

-0.151046,0.107815
0.999119,0.0419693

-0.151551,0.107984
0.999112,0.0421289

-0.152056,0.108152
0.999105,0.0422885

-0.15256,0.10832
0.999099,0.042448

-0.153064,0.108487
0.999092,0.0426076

-0.153567,0.108654
0.999085,0.0427671

-0.154069,0.108821
0.999078,0.0429267

-0.154571,0.108987
0.999071,0.0430862

-0.155072,0.109153
0.999064,0.0432458

-0.155573,0.109319
0.999058,0.0434053

-0.156073,0.109484
0.999051,0.0435649

-0.156573,0.109648
0.999044,0.0437244

-0.157072,0.109813
0.999037,0.043884

-0.15757,0.109976
0.99903,0.0440435

-0.158068,0.11014
0.999023,0.0442031

-0.158565,0.110303
0.999015,0.0443626

-0.159062,0.110466
0.999008,0.0445222

-0.159558,0.110628
0.999001,0.0446817

-0.160054,0.11079
0.998994,0.0448413

-0.160549,0.110951
0.998987,0.0450008

-0.161044,0.111113
0.99898,0.0451603

-0.161538,0.111273
0.998973,0.0453199

-0.162031,0.111434
0.998965,0.0454794

-0.162524,0.111594
0.998958,0.045639

-0.163017,0.111753
0.998951,0.0457985

-0.163509,0.111913
0.998943,0.045958

-0.164,0.112072
0.998936,0.0461176

-0.164491,0.11223
0.998929,0.0462771

-0.164981,0.112388
0.998921,0.0464366

-0.165471,0.112546
0.998914,0.0465961

-0.16596,0.112704
0.998906,0.0467557

-0.166449,0.112861
0.998899,0.0469152

-0.166937,0.113018
0.998891,0.0470747

-0.167425,0.113174
0.998884,0.0472342

-0.167912,0.11333
0.998876,0.0473938

-0.168399,0.113486
0.998869,0.0475533

-0.168885,0.113642
0.998861,0.0477128

-0.169371,0.113797
0.998853,0.0478723

-0.169856,0.113951
0.998846,0.0480319

-0.17034,0.114106
0.998838,0.0481914

-0.170825,0.11426
0.99883,0.0483509

-0.171308,0.114414
0.998823,0.0485104

-0.171791,0.114567
0.998815,0.0486699

-0.172274,0.11472
0.998807,0.0488294

-0.172756,0.114873
0.998799,0.0489889

-0.173238,0.115025
0.998791,0.0491484

-0.173719,0.115177
0.998784,0.049308

-0.1742,0.115329
0.998776,0.0494675

-0.17468,0.115481
0.998768,0.049627

-0.17516,0.115632
0.99876,0.0497865

-0.175639,0.115783
0.998752,0.049946

-0.176118,0.115933
0.998744,0.0501055

-0.176596,0.116083
0.998736,0.050265

-0.177074,0.116233
0.998728,0.0504245

-0.177552,0.116383
0.99872,0.050584

-0.178029,0.116532
0.998712,0.0507435

-0.178505,0.116681
0.998704,0.050903

-0.178981,0.11683
0.998695,0.0510625

-0.179457,0.116978
0.998687,0.051222

-0.179932,0.117126
0.998679,0.0513814

-0.180406,0.117274
0.998671,0.0515409

-0.18088,0.117422
0.998663,0.0517004

-0.181354,0.117569
0.998654,0.0518599

-0.181827,0.117716
0.998646,0.0520194

-0.1823,0.117862
0.998638,0.0521789

-0.182773,0.118009
0.998629,0.0523384

-0.183244,0.118155
0.998621,0.0524979

-0.183716,0.1183
0.998613,0.0526573

-0.184187,0.118446
0.998604,0.0528168

-0.184657,0.118591
0.998596,0.0529763

-0.185128,0.118736
0.998587,0.0531358

-0.185597,0.11888
0.998579,0.0532952

-0.186067,0.119025
0.99857,0.0534547

-0.186535,0.119169
0.998562,0.0536142

-0.187004,0.119312
0.998553,0.0537737

-0.187472,0.119456
0.998545,0.0539331

-0.187939,0.119599
0.998536,0.0540926

-0.188406,0.119742
0.998527,0.0542521

-0.188873,0.119885
0.998519,0.0544115

-0.189339,0.120027
0.99851,0.054571

-0.189805,0.120169
0.998501,0.0547305

-0.19027,0.120311
0.998492,0.0548899

-0.190735,0.120453
0.998484,0.0550494

-0.1912,0.120594
0.998475,0.0552088

-0.191664,0.120735
0.998466,0.0553683

-0.192128,0.120876
0.998457,0.0555278

-0.192591,0.121016
0.998448,0.0556872

-0.193054,0.121157
0.998439,0.0558467

-0.193516,0.121297
0.99843,0.0560061

-0.193978,0.121436
0.998421,0.0561656

-0.19444,0.121576
0.998412,0.056325

-0.194901,0.121715
0.998403,0.0564845

-0.195362,0.121854
0.998394,0.0566439

-0.195822,0.121993
0.998385,0.0568034

-0.196282,0.122131
0.998376,0.0569628

-0.196742,0.12227
0.998367,0.0571222

-0.197201,0.122408
0.998358,0.0572817

-0.19766,0.122545
0.998349,0.0574411

-0.198118,0.122683
0.99834,0.0576006

-0.198576,0.12282
0.99833,0.05776

-0.199034,0.122957
0.998321,0.0579194

-0.199491,0.123094
0.998312,0.0580789

-0.199948,0.12323
0.998303,0.0582383

-0.200405,0.123367
0.998293,0.0583977

-0.200861,0.123503
0.998284,0.0585572

-0.201316,0.123638
0.998275,0.0587166

-0.201772,0.123774
0.998265,0.058876

-0.202227,0.123909
0.998256,0.0590354

-0.202681,0.124044
0.998246,0.0591949

-0.203135,0.124179
0.998237,0.0593543

-0.203589,0.124314
0.998227,0.0595137

-0.204042,0.124448
0.998218,0.0596731

-0.204495,0.124583
0.998208,0.0598325

-0.204948,0.124716
0.998199,0.0599919

-0.2054,0.12485
0.998189,0.0601514

-0.205852,0.124984
0.99818,0.0603108

-0.206304,0.125117
0.99817,0.0604702

-0.206755,0.12525
0.99816,0.0606296

-0.207206,0.125383
0.998151,0.060789

-0.207656,0.125515
0.998141,0.0609484

-0.208106,0.125648
0.998131,0.0611078

-0.208556,0.12578
0.998121,0.0612672

-0.209005,0.125912
0.998112,0.0614266

-0.209454,0.126044
0.998102,0.061586

-0.209903,0.126175
0.998092,0.0617454

-0.210351,0.126306
0.998082,0.0619048

-0.210799,0.126437
0.998072,0.0620642

-0.211246,0.126568
0.998062,0.0622236

-0.211693,0.126699
0.998052,0.062383

-0.21214,0.126829
0.998042,0.0625424

-0.212586,0.126959
0.998032,0.0627018

-0.213033,0.127089
0.998022,0.0628612

-0.213478,0.127219
0.998012,0.0630205

-0.213924,0.127349
0.998002,0.0631799

-0.214369,0.127478
0.997992,0.0633393

-0.214813,0.127607
0.997982,0.0634987

-0.215258,0.127736
0.997972,0.0636581

-0.215702,0.127865
0.997962,0.0638174

-0.216145,0.127994
0.997951,0.0639768

-0.216589,0.128122
0.997941,0.0641362

-0.217031,0.12825
0.997931,0.0642956

-0.217474,0.128378
0.997921,0.0644549

-0.217916,0.128506
0.99791,0.0646143

-0.218358,0.128633
0.9979,0.0647737

-0.2188,0.128761
0.99789,0.064933

-0.219241,0.128888
0.997879,0.0650924

-0.219682,0.129015
0.997869,0.0652518

-0.220123,0.129141
0.997858,0.0654111

-0.220563,0.129268
0.997848,0.0655705

-0.221003,0.129394
0.997837,0.0657298

-0.221442,0.12952
0.997827,0.0658892

-0.221882,0.129646
0.997816,0.0660485

-0.22232,0.129772
0.997806,0.0662079

-0.222759,0.129898
0.997795,0.0663673

-0.223197,0.130023
0.997785,0.0665266

-0.223635,0.130148
0.997774,0.0666859

-0.224073,0.130273
0.997763,0.0668453

-0.22451,0.130398
0.997753,0.0670046

-0.224947,0.130523
0.997742,0.067164

-0.225384,0.130647
0.997731,0.0673233

-0.22582,0.130771
0.99772,0.0674827

-0.226256,0.130895
0.99771,0.067642

-0.226692,0.131019
0.997699,0.0678013

-0.227127,0.131143
0.997688,0.0679607

-0.227562,0.131267
0.997677,0.06812

-0.227997,0.13139
0.997666,0.0682793

-0.228431,0.131513
0.997655,0.0684387

-0.228865,0.131636
0.997644,0.068598

-0.229299,0.131759
0.997633,0.0687573

-0.229732,0.131881
0.997622,0.0689166

-0.230165,0.132004
0.997611,0.069076

-0.230598,0.132126
0.9976,0.0692353

-0.231031,0.132248
0.997589,0.0693946

-0.231463,0.13237
0.997578,0.0695539

-0.231895,0.132492
0.997567,0.0697132

-0.232326,0.132613
0.997556,0.0698725

-0.232758,0.132735
0.997545,0.0700318

-0.233189,0.132856
0.997534,0.0701912

-0.233619,0.132977
0.997522,0.0703505

-0.23405,0.133098
0.997511,0.0705098

-0.23448,0.133218
0.9975,0.0706691

-0.23491,0.133339
0.997489,0.0708284

-0.235339,0.133459
0.997477,0.0709877

-0.235768,0.133579
0.997466,0.071147

-0.236197,0.133699
0.997454,0.0713063

-0.236626,0.133819
0.997443,0.0714656

-0.237054,0.133939
0.997432,0.0716249

-0.237482,0.134058
0.99742,0.0717841

-0.23791,0.134178
0.997409,0.0719434

-0.238337,0.134297
0.997397,0.0721027

-0.238764,0.134416
0.997386,0.072262

-0.239191,0.134535
0.997374,0.0724213

-0.239617,0.134653
0.997363,0.0725806

-0.240044,0.134772
0.997351,0.0727399

-0.240469,0.13489
0.997339,0.0728991

-0.240895,0.135008
0.997328,0.0730584

-0.24132,0.135126
0.997316,0.0732177

-0.241745,0.135244
0.997304,0.073377

-0.242595,0.135479
0.997281,0.0736955

-0.243443,0.135714
0.997257,0.074014

-0.24429,0.135948
0.997234,0.0743325

-0.245136,0.136181
0.99721,0.0746511

-0.24598,0.136414
0.997186,0.0749696

-0.246824,0.136646
0.997162,0.0752881

-0.247666,0.136877
0.997138,0.0756066

-0.248508,0.137108
0.997114,0.0759251

-0.249348,0.137338
0.997089,0.0762435

-0.250187,0.137568
0.997065,0.076562

-0.251025,0.137797
0.99704,0.0768805

-0.251862,0.138025
0.997016,0.0771989

-0.252698,0.138253
0.996991,0.0775174

-0.253533,0.138481
0.996966,0.0778358

-0.254367,0.138707
0.996941,0.0781542

-0.2552,0.138933
0.996916,0.0784727

-0.256031,0.139159
0.996891,0.0787911

-0.256862,0.139384
0.996866,0.0791095

-0.257692,0.139608
0.996841,0.0794279

-0.25852,0.139832
0.996815,0.0797463

-0.259348,0.140055
0.99679,0.0800647

-0.260174,0.140278
0.996764,0.080383

-0.261,0.1405
0.996738,0.0807014

-0.261824,0.140722
0.996712,0.0810198

-0.262648,0.140943
0.996687,0.0813381

-0.26347,0.141164
0.996661,0.0816564

-0.264292,0.141384
0.996634,0.0819748

-0.265112,0.141603
0.996608,0.0822931

-0.265932,0.141822
0.996582,0.0826114

-0.26675,0.142041
0.996555,0.0829297

-0.267568,0.142258
0.996529,0.083248

-0.268384,0.142476
0.996502,0.0835663

-0.2692,0.142693
0.996475,0.0838846

-0.270014,0.142909
0.996449,0.0842029

-0.270828,0.143125
0.996422,0.0845211

-0.271641,0.14334
0.996395,0.0848394

-0.272453,0.143555
0.996367,0.0851576

-0.273263,0.14377
0.99634,0.0854759

-0.274073,0.143984
0.996313,0.0857941

-0.274882,0.144197
0.996285,0.0861123

-0.27569,0.14441
0.996258,0.0864305

-0.276497,0.144622
0.99623,0.0867488

-0.277304,0.144834
0.996202,0.0870669

-0.278109,0.145046
0.996175,0.0873851

-0.278913,0.145257
0.996147,0.0877033

-0.279717,0.145467
0.996119,0.0880215

-0.280519,0.145677
0.99609,0.0883396

-0.281321,0.145887
0.996062,0.0886578

-0.282122,0.146096
0.996034,0.0889759

-0.282922,0.146305
0.996005,0.0892941

-0.283721,0.146513
0.995977,0.0896122

-0.284519,0.146721
0.995948,0.0899303

-0.285316,0.146928
0.995919,0.0902484

-0.286112,0.147135
0.99589,0.0905665

-0.286908,0.147341
0.995861,0.0908846

-0.287702,0.147547
0.995832,0.0912027

-0.288496,0.147753
0.995803,0.0915207

-0.289289,0.147958
0.995774,0.0918388

-0.290081,0.148163
0.995745,0.0921568

-0.290872,0.148367
0.995715,0.0924749

-0.291663,0.148571
0.995685,0.0927929

-0.292452,0.148774
0.995656,0.0931109

-0.293241,0.148977
0.995626,0.0934289

-0.294029,0.149179
0.995596,0.093747

-0.294816,0.149381
0.995566,0.0940649

-0.295602,0.149583
0.995536,0.0943829

-0.296387,0.149784
0.995506,0.0947009

-0.297172,0.149985
0.995475,0.0950189

-0.297956,0.150186
0.995445,0.0953368

-0.298739,0.150386
0.995415,0.0956548

-0.299521,0.150585
0.995384,0.0959727

-0.300302,0.150784
0.995353,0.0962906

-0.301083,0.150983
0.995322,0.0966085

-0.301862,0.151182
0.995292,0.0969264

-0.302641,0.15138
0.995261,0.0972443

-0.303419,0.151577
0.995229,0.0975622

-0.304197,0.151775
0.995198,0.0978801

-0.304973,0.151971
0.995167,0.098198

-0.305749,0.152168
0.995135,0.0985158

-0.306524,0.152364
0.995104,0.0988337

-0.307298,0.15256
0.995072,0.0991515

-0.308072,0.152755
0.995041,0.0994693

-0.308845,0.15295
0.995009,0.0997871

-0.309617,0.153144
0.994977,0.100105

-0.310388,0.153339
0.994945,0.100423

-0.311158,0.153532
0.994913,0.100741

-0.311928,0.153726
0.994881,0.101058

-0.312697,0.153919
0.994848,0.101376

-0.313465,0.154111
0.994816,0.101694

-0.314232,0.154304
0.994783,0.102012

-0.314999,0.154496
0.994751,0.102329

-0.315765,0.154687
0.994718,0.102647

-0.31653,0.154879
0.994685,0.102965

-0.317295,0.155069
0.994652,0.103282

-0.318059,0.15526
0.994619,0.1036

-0.318822,0.15545
0.994586,0.103918

-0.319584,0.15564
0.994553,0.104235

-0.320346,0.155829
0.994519,0.104553

-0.321106,0.156019
0.994486,0.104871

-0.321867,0.156207
0.994452,0.105188

-0.322626,0.156396
0.994419,0.105506

-0.323385,0.156584
0.994385,0.105824

-0.324143,0.156772
0.994351,0.106141

-0.3249,0.156959
0.994317,0.106459

-0.325657,0.157146
0.994283,0.106776

-0.326413,0.157333
0.994249,0.107094

-0.327168,0.157519
0.994215,0.107412

-0.327923,0.157705
0.99418,0.107729

-0.328676,0.157891
0.994146,0.108047

-0.32943,0.158076
0.994111,0.108364

-0.330182,0.158261
0.994077,0.108682

-0.330934,0.158446
0.994042,0.108999

-0.331685,0.158631
0.994007,0.109317

-0.332436,0.158815
0.993972,0.109634

-0.333185,0.158999
0.993937,0.109952

-0.333934,0.159182
0.993902,0.110269

-0.334683,0.159365
0.993866,0.110587

-0.335431,0.159548
0.993831,0.110904

-0.336178,0.159731
0.993796,0.111221

-0.336924,0.159913
0.99376,0.111539

-0.33767,0.160095
0.993724,0.111856

-0.338415,0.160276
0.993689,0.112174

-0.33916,0.160457
0.993653,0.112491

-0.339904,0.160638
0.993617,0.112808

-0.340647,0.160819
0.993581,0.113126

-0.34139,0.160999
0.993544,0.113443

-0.342131,0.16118
0.993508,0.11376

-0.342873,0.161359
0.993472,0.114078

-0.343613,0.161539
0.993435,0.114395

-0.344353,0.161718
0.993399,0.114712

-0.345093,0.161897
0.993362,0.11503

-0.345832,0.162075
0.993325,0.115347

-0.34657,0.162254
0.993288,0.115664

-0.347307,0.162432
0.993251,0.115981

-0.348044,0.162609
0.993214,0.116299

-0.34878,0.162787
0.993177,0.116616

-0.349516,0.162964
0.99314,0.116933

-0.350251,0.163141
0.993102,0.11725

-0.350985,0.163317
0.993065,0.117568

-0.351719,0.163493
0.993027,0.117885

-0.352452,0.163669
0.99299,0.118202

-0.353185,0.163845
0.992952,0.118519

-0.353917,0.16402
0.992914,0.118836

-0.354648,0.164196
0.992876,0.119153

-0.355379,0.16437
0.992838,0.11947

-0.356109,0.164545
0.9928,0.119788

-0.356839,0.164719
0.992761,0.120105

-0.357568,0.164893
0.992723,0.120422

-0.358296,0.165067
0.992684,0.120739

-0.359024,0.165241
0.992646,0.121056

-0.359751,0.165414
0.992607,0.121373

-0.360478,0.165587
0.992568,0.12169

-0.361204,0.165759
0.992529,0.122007

-0.361929,0.165932
0.99249,0.122324

-0.362654,0.166104
0.992451,0.122641

-0.363379,0.166276
0.992412,0.122958

-0.364102,0.166447
0.992373,0.123275

-0.364826,0.166619
0.992333,0.123592

-0.365548,0.16679
0.992294,0.123909

-0.36627,0.166961
0.992254,0.124226

-0.366992,0.167131
0.992214,0.124543

-0.367712,0.167302
0.992174,0.12486

-0.368433,0.167472
0.992134,0.125177

-0.369153,0.167641
0.992094,0.125493

-0.369872,0.167811
0.992054,0.12581

-0.37059,0.16798
0.992014,0.126127

-0.371308,0.168149
0.991974,0.126444

-0.372026,0.168318
0.991933,0.126761

-0.372743,0.168487
0.991893,0.127078

-0.373459,0.168655
0.991852,0.127395

-0.374175,0.168823
0.991811,0.127711

-0.374891,0.168991
0.991771,0.128028

-0.375605,0.169158
0.99173,0.128345

-0.37632,0.169326
0.991689,0.128662

-0.377033,0.169493
0.991647,0.128978

-0.377746,0.16966
0.991606,0.129295

-0.378459,0.169826
0.991565,0.129612

-0.379171,0.169992
0.991523,0.129929

-0.379883,0.170159
0.991482,0.130245

-0.380594,0.170324
0.99144,0.130562

-0.381304,0.17049
0.991398,0.130879

-0.382014,0.170655
0.991357,0.131195

-0.382724,0.170821
0.991315,0.131512

-0.383432,0.170986
0.991273,0.131828

-0.384141,0.17115
0.99123,0.132145

-0.384849,0.171315
0.991188,0.132462

-0.385556,0.171479
0.991146,0.132778

-0.386263,0.171643
0.991103,0.133095

-0.386969,0.171807
0.991061,0.133411

-0.387675,0.17197
0.991018,0.133728

-0.38838,0.172134
0.990975,0.134044

-0.389085,0.172297
0.990932,0.134361

-0.389789,0.172459
0.990889,0.134677

-0.390493,0.172622
0.990846,0.134994

-0.391196,0.172784
0.990803,0.13531

-0.391899,0.172947
0.99076,0.135627

-0.392601,0.173109
0.990717,0.135943

-0.393303,0.17327
0.990673,0.13626

-0.394004,0.173432
0.99063,0.136576

-0.394705,0.173593
0.990586,0.136893

-0.395405,0.173754
0.990542,0.137209

-0.396105,0.173915
0.990498,0.137525

-0.396804,0.174076
0.990454,0.137842

-0.397503,0.174236
0.99041,0.138158

-0.398201,0.174396
0.990366,0.138474

-0.398899,0.174556
0.990322,0.138791

-0.399596,0.174716
0.990277,0.139107

-0.400293,0.174876
0.990233,0.139423

-0.400989,0.175035
0.990188,0.13974

-0.401685,0.175194
0.990144,0.140056

-0.40238,0.175353
0.990099,0.140372

-0.403075,0.175512
0.990054,0.140688

-0.403769,0.17567
0.990009,0.141005

-0.404463,0.175829
0.989964,0.141321

-0.405156,0.175987
0.989919,0.141637

-0.405849,0.176145
0.989873,0.141953

-0.406542,0.176302
0.989828,0.142269

-0.407234,0.17646
0.989783,0.142585

-0.407925,0.176617
0.989737,0.142902

-0.408616,0.176774
0.989691,0.143218

-0.409307,0.176931
0.989645,0.143534

-0.409997,0.177088
0.9896,0.14385

-0.410687,0.177244
0.989554,0.144166

-0.411376,0.177401
0.989507,0.144482

-0.412065,0.177557
0.989461,0.144798

-0.412753,0.177713
0.989415,0.145114

-0.413441,0.177868
0.989369,0.14543

-0.414128,0.178024
0.989322,0.145746

-0.414815,0.178179
0.989275,0.146062

-0.415501,0.178334
0.989229,0.146378

-0.416187,0.178489
0.989182,0.146694

-0.416873,0.178644
0.989135,0.14701

-0.417558,0.178798
0.989088,0.147326

-0.418242,0.178953
0.989041,0.147642

-0.418927,0.179107
0.988994,0.147958

-0.41961,0.179261
0.988946,0.148274

-0.420294,0.179414
0.988899,0.148589

-0.420976,0.179568
0.988851,0.148905

-0.421659,0.179721
0.988804,0.149221

-0.422341,0.179875
0.988756,0.149537

-0.423022,0.180028
0.988708,0.149853

-0.423703,0.18018
0.98866,0.150169

-0.424384,0.180333
0.988612,0.150484

-0.425064,0.180485
0.988564,0.1508

-0.425744,0.180638
0.988516,0.151116

-0.426423,0.18079
0.988468,0.151432

-0.427102,0.180942
0.988419,0.151747

-0.428458,0.181245
0.988322,0.152379

-0.429813,0.181547
0.988225,0.15301

-0.431166,0.181849
0.988127,0.153641

-0.432517,0.18215
0.988028,0.154272

-0.433867,0.18245
0.98793,0.154904

-0.435215,0.18275
0.98783,0.155535

-0.436561,0.183049
0.987731,0.156166

-0.437906,0.183347
0.987631,0.156797

-0.439249,0.183645
0.987531,0.157427

-0.44059,0.183941
0.98743,0.158058

-0.44193,0.184238
0.987329,0.158689

-0.443268,0.184533
0.987227,0.15932

-0.444604,0.184828
0.987125,0.15995

-0.445939,0.185122
0.987023,0.160581

-0.447272,0.185415
0.98692,0.161211

-0.448604,0.185708
0.986817,0.161842

-0.449934,0.186
0.986713,0.162472

-0.451262,0.186292
0.986609,0.163102

-0.452589,0.186583
0.986505,0.163733

-0.453914,0.186873
0.9864,0.164363

-0.455238,0.187163
0.986295,0.164993

-0.45656,0.187452
0.986189,0.165623

-0.457881,0.18774
0.986083,0.166253

-0.4592,0.188028
0.985977,0.166883

-0.460517,0.188315
0.98587,0.167512

-0.461833,0.188601
0.985763,0.168142

-0.463148,0.188887
0.985655,0.168772

-0.464461,0.189172
0.985547,0.169402

-0.465773,0.189457
0.985439,0.170031

-0.467083,0.189741
0.98533,0.170661

-0.468391,0.190024
0.985221,0.17129

-0.469699,0.190307
0.985111,0.171919

-0.471004,0.190589
0.985001,0.172549

-0.472309,0.190871
0.984891,0.173178

-0.473611,0.191152
0.98478,0.173807

-0.474913,0.191432
0.984669,0.174436

-0.476213,0.191712
0.984557,0.175065

-0.477511,0.191992
0.984445,0.175694

-0.478808,0.19227
0.984332,0.176323

-0.480104,0.192549
0.98422,0.176951

-0.481398,0.192826
0.984106,0.17758

-0.482691,0.193103
0.983993,0.178209

-0.483983,0.19338
0.983879,0.178837

-0.485273,0.193656
0.983764,0.179466

-0.486562,0.193931
0.983649,0.180094

-0.487849,0.194206
0.983534,0.180722

-0.489135,0.19448
0.983418,0.181351

-0.49042,0.194754
0.983302,0.181979

-0.491703,0.195027
0.983186,0.182607

-0.492985,0.1953
0.983069,0.183235

-0.494265,0.195572
0.982952,0.183863

-0.495545,0.195844
0.982834,0.184491

-0.496823,0.196115
0.982716,0.185119

-0.498099,0.196386
0.982598,0.185746

-0.499375,0.196656
0.982479,0.186374

-0.500649,0.196925
0.98236,0.187002

-0.501921,0.197195
0.98224,0.187629

-0.503193,0.197463
0.98212,0.188257

-0.504463,0.197731
0.981999,0.188884

-0.505732,0.197999
0.981879,0.189511

-0.506999,0.198266
0.981757,0.190138

-0.508266,0.198532
0.981636,0.190765

-0.509531,0.198798
0.981514,0.191392

-0.510794,0.199064
0.981391,0.192019

-0.512057,0.199329
0.981268,0.192646

-0.513318,0.199594
0.981145,0.193273

-0.514578,0.199858
0.981021,0.1939

-0.515837,0.200122
0.980897,0.194526

-0.517094,0.200385
0.980773,0.195153

-0.518351,0.200647
0.980648,0.19578

-0.519606,0.20091
0.980523,0.196406

-0.52086,0.201171
0.980397,0.197032

-0.522112,0.201433
0.980271,0.197659

-0.523364,0.201694
0.980144,0.198285

-0.524614,0.201954
0.980018,0.198911

-0.525863,0.202214
0.97989,0.199537

-0.527111,0.202473
0.979763,0.200163

-0.528358,0.202732
0.979635,0.200789

-0.529603,0.202991
0.979506,0.201414

-0.530848,0.203249
0.979377,0.20204

-0.532091,0.203507
0.979248,0.202666

-0.533333,0.203764
0.979118,0.203291

-0.534574,0.20402
0.978988,0.203916

-0.535813,0.204277
0.978858,0.204542

-0.537052,0.204533
0.978727,0.205167

-0.538289,0.204788
0.978596,0.205792

-0.539526,0.205043
0.978464,0.206417

-0.540761,0.205298
0.978332,0.207042

-0.541995,0.205552
0.9782,0.207667

-0.543228,0.205806
0.978067,0.208292

-0.544459,0.206059
0.977933,0.208917

-0.54569,0.206312
0.9778,0.209542

-0.546919,0.206564
0.977666,0.210166

-0.548148,0.206816
0.977531,0.210791

-0.549375,0.207068
0.977396,0.211415

-0.550601,0.207319
0.977261,0.212039

-0.551826,0.20757
0.977125,0.212664

-0.55305,0.20782
0.976989,0.213288

-0.554273,0.20807
0.976853,0.213912

-0.555495,0.20832
0.976716,0.214536

-0.556716,0.208569
0.976579,0.21516

-0.557936,0.208818
0.976441,0.215783

-0.559154,0.209066
0.976303,0.216407

-0.560372,0.209314
0.976165,0.217031

-0.561588,0.209562
0.976026,0.217654

-0.562804,0.209809
0.975887,0.218278

-0.564018,0.210056
0.975747,0.218901

-0.565231,0.210302
0.975607,0.219524

-0.566444,0.210548
0.975467,0.220148

-0.567655,0.210794
0.975326,0.220771

-0.568865,0.211039
0.975185,0.221394

-0.570074,0.211284
0.975043,0.222017

-0.571283,0.211528
0.974901,0.222639

-0.57249,0.211773
0.974758,0.223262

-0.573696,0.212016
0.974616,0.223885

-0.574901,0.21226
0.974472,0.224507

-0.576105,0.212503
0.974329,0.22513

-0.577308,0.212745
0.974185,0.225752

-0.57851,0.212988
0.97404,0.226374

-0.579711,0.213229
0.973896,0.226997

-0.580912,0.213471
0.97375,0.227619

-0.582111,0.213712
0.973605,0.228241

-0.583309,0.213953
0.973459,0.228863

-0.584506,0.214193
0.973312,0.229484

-0.585702,0.214433
0.973166,0.230106

-0.586897,0.214673
0.973018,0.230728

-0.588091,0.214912
0.972871,0.231349

-0.589285,0.215151
0.972723,0.231971

-0.590477,0.21539
0.972574,0.232592

-0.591668,0.215628
0.972426,0.233213

-0.592859,0.215866
0.972276,0.233834

-0.594048,0.216104
0.972127,0.234455

-0.595236,0.216341
0.971977,0.235076

-0.596424,0.216578
0.971827,0.235697

-0.59761,0.216815
0.971676,0.236318

-0.598796,0.217051
0.971525,0.236939

-0.599981,0.217287
0.971373,0.237559

-0.601164,0.217522
0.971221,0.23818

-0.602347,0.217758
0.971069,0.2388

-0.603529,0.217993
0.970916,0.23942

-0.60471,0.218227
0.970763,0.240041

-0.60589,0.218461
0.970609,0.240661

-0.607069,0.218695
0.970455,0.241281

-0.608247,0.218929
0.970301,0.241901

-0.609424,0.219162
0.970146,0.24252

-0.610601,0.219395
0.969991,0.24314

-0.611776,0.219628
0.969836,0.24376

-0.612951,0.21986
0.96968,0.244379

-0.614125,0.220092
0.969523,0.244998

-0.615297,0.220323
0.969367,0.245618

-0.616469,0.220555
0.96921,0.246237

-0.61764,0.220786
0.969052,0.246856

-0.61881,0.221016
0.968894,0.247475

-0.619979,0.221247
0.968736,0.248094

-0.621148,0.221477
0.968577,0.248713

-0.622315,0.221706
0.968418,0.249331

-0.623482,0.221936
0.968259,0.24995

-0.624647,0.222165
0.968099,0.250568

-0.625812,0.222394
0.967939,0.251187

-0.626976,0.222622
0.967778,0.251805

-0.628139,0.22285
0.967617,0.252423

-0.629302,0.223078
0.967455,0.253041

-0.630463,0.223306
0.967294,0.253659

-0.631624,0.223533
0.967131,0.254277

-0.632783,0.22376
0.966969,0.254895

-0.633942,0.223987
0.966806,0.255513

-0.6351,0.224213
0.966642,0.25613

-0.636257,0.224439
0.966478,0.256748

-0.637414,0.224665
0.966314,0.257365

-0.638569,0.224891
0.96615,0.257982

-0.639724,0.225116
0.965985,0.258599

-0.640878,0.225341
0.965819,0.259216

-0.642031,0.225565
0.965653,0.259833

-0.643183,0.22579
0.965487,0.26045

-0.644334,0.226014
0.965321,0.261067

-0.645485,0.226237
0.965154,0.261683

-0.646634,0.226461
0.964986,0.2623

-0.647783,0.226684
0.964819,0.262916

-0.648931,0.226907
0.964651,0.263533

-0.650079,0.22713
0.964482,0.264149

-0.651225,0.227352
0.964313,0.264765

-0.652371,0.227574
0.964144,0.265381

-0.653516,0.227796
0.963974,0.265997

-0.65466,0.228017
0.963804,0.266612

-0.655803,0.228239
0.963633,0.267228

-0.656945,0.228459
0.963462,0.267843

-0.658087,0.22868
0.963291,0.268459

-0.659228,0.228901
0.963119,0.269074

-0.660368,0.229121
0.962947,0.269689

-0.661507,0.229341
0.962775,0.270304

-0.662646,0.22956
0.962602,0.270919

-0.663784,0.229779
0.962429,0.271534

-0.664921,0.229999
0.962255,0.272149

-0.666057,0.230217
0.962081,0.272764

-0.667192,0.230436
0.961907,0.273378

-0.668327,0.230654
0.961732,0.273993

-0.669461,0.230872
0.961557,0.274607

-0.670594,0.23109
0.961381,0.275221

-0.671726,0.231307
0.961205,0.275835

-0.672858,0.231525
0.961029,0.276449

-0.673989,0.231741
0.960852,0.277063

-0.675119,0.231958
0.960675,0.277677

-0.676248,0.232175
0.960497,0.27829

-0.677377,0.232391
0.960319,0.278904

-0.678505,0.232607
0.960141,0.279517

-0.679632,0.232822
0.959962,0.280131

-0.680758,0.233038
0.959783,0.280744

-0.681884,0.233253
0.959603,0.281357

-0.683009,0.233468
0.959423,0.28197

-0.684133,0.233682
0.959243,0.282583

-0.685257,0.233897
0.959062,0.283195

-0.686379,0.234111
0.958881,0.283808

-0.687501,0.234325
0.9587,0.28442

-0.688622,0.234539
0.958518,0.285033

-0.689743,0.234752
0.958335,0.285645

-0.690863,0.234965
0.958153,0.286257

-0.691982,0.235178
0.95797,0.286869

-0.6931,0.235391
0.957786,0.287481

-0.694218,0.235603
0.957602,0.288093

-0.695335,0.235815
0.957418,0.288705

-0.696451,0.236027
0.957234,0.289316

-0.697567,0.236239
0.957049,0.289928

-0.698681,0.236451
0.956863,0.290539

-0.699795,0.236662
0.956677,0.29115

-0.702022,0.237084
0.956305,0.292372

-0.704245,0.237505
0.95593,0.293594

-0.706465,0.237924
0.955554,0.294815

-0.708683,0.238343
0.955177,0.296035

-0.710898,0.238761
0.954798,0.297255

-0.71311,0.239179
0.954417,0.298475

-0.71532,0.239595
0.954035,0.299694

-0.717527,0.24001
0.953652,0.300913

-0.719731,0.240425
0.953266,0.302131

-0.721933,0.240838
0.95288,0.303349

-0.724131,0.241251
0.952491,0.304566

-0.726328,0.241663
0.952101,0.305782

-0.728521,0.242073
0.95171,0.306999

-0.730712,0.242484
0.951317,0.308214

-0.732901,0.242893
0.950922,0.309429

-0.735086,0.243301
0.950526,0.310644

-0.73727,0.243709
0.950129,0.311858

-0.73945,0.244115
0.949729,0.313072

-0.741628,0.244521
0.949329,0.314285

-0.743804,0.244926
0.948926,0.315498

-0.745977,0.24533
0.948522,0.31671

-0.748148,0.245733
0.948117,0.317921

-0.750316,0.246136
0.94771,0.319132

-0.752482,0.246538
0.947302,0.320343

-0.754645,0.246939
0.946892,0.321553

-0.756806,0.247339
0.94648,0.322763

-0.758964,0.247738
0.946067,0.323971

-0.76112,0.248137
0.945652,0.32518

-0.763273,0.248534
0.945236,0.326388

-0.765424,0.248931
0.944818,0.327595

-0.767573,0.249328
0.944399,0.328802

-0.76972,0.249723
0.943978,0.330008

-0.771864,0.250118
0.943556,0.331214

-0.774005,0.250512
0.943132,0.332419

-0.776145,0.250905
0.942706,0.333624

-0.778282,0.251297
0.942279,0.334828

-0.780416,0.251689
0.941851,0.336032

-0.782549,0.25208
0.941421,0.337235

-0.784679,0.25247
0.940989,0.338437

-0.786807,0.25286
0.940556,0.339639

-0.788932,0.253248
0.940121,0.340841

-0.791056,0.253636
0.939685,0.342042

-0.793177,0.254024
0.939247,0.343242

-0.795296,0.25441
0.938808,0.344442

-0.797412,0.254796
0.938367,0.345641

-0.799527,0.255182
0.937925,0.346839

-0.801639,0.255566
0.937481,0.348037

-0.803749,0.25595
0.937035,0.349235

-0.805857,0.256333
0.936588,0.350432

-0.807963,0.256716
0.93614,0.351628

-0.810067,0.257097
0.93569,0.352824

-0.812168,0.257478
0.935238,0.354019

-0.814268,0.257859
0.934785,0.355213

-0.816365,0.258239
0.934331,0.356407

-0.81846,0.258618
0.933875,0.357601

-0.820553,0.258996
0.933417,0.358794

-0.822644,0.259374
0.932958,0.359986

-0.824733,0.259751
0.932497,0.361178

-0.82682,0.260127
0.932035,0.362369

-0.828904,0.260503
0.931571,0.363559

-0.830987,0.260878
0.931106,0.364749

-0.833068,0.261253
0.930639,0.365938

-0.835146,0.261627
0.930171,0.367127

-0.837223,0.262
0.929701,0.368315

-0.839298,0.262373
0.92923,0.369503

-0.84137,0.262745
0.928757,0.37069

-0.843441,0.263116
0.928282,0.371876

-0.845509,0.263487
0.927807,0.373062

-0.847576,0.263857
0.927329,0.374247

-0.849641,0.264227
0.92685,0.375431

-0.851703,0.264596
0.92637,0.376615

-0.853764,0.264964
0.925888,0.377798

-0.855823,0.265332
0.925405,0.378981

-0.85788,0.265699
0.92492,0.380163

-0.859935,0.266066
0.924433,0.381344

-0.861988,0.266432
0.923945,0.382525

-0.864039,0.266797
0.923456,0.383705

-0.866089,0.267162
0.922965,0.384885

-0.868136,0.267526
0.922472,0.386063

-0.870181,0.26789
0.921978,0.387242

-0.872225,0.268253
0.921483,0.388419

-0.874267,0.268615
0.920986,0.389596

-0.876307,0.268977
0.920487,0.390773

-0.878345,0.269339
0.919987,0.391948

-0.880381,0.2697
0.919486,0.393123

-0.882416,0.27006
0.918983,0.394298

-0.884448,0.27042
0.918478,0.395472

-0.886479,0.270779
0.917972,0.396645

-0.888508,0.271137
0.917465,0.397817

-0.890535,0.271495
0.916956,0.398989

-0.892561,0.271853
0.916445,0.40016

-0.894584,0.27221
0.915933,0.401331

-0.896606,0.272566
0.91542,0.402501

-0.898626,0.272922
0.914905,0.40367

-0.900644,0.273278
0.914388,0.404839

-0.902661,0.273633
0.91387,0.406006

-0.904676,0.273987
0.913351,0.407174

-0.906689,0.274341
0.91283,0.40834

-0.9087,0.274694
0.912307,0.409506

-0.91071,0.275047
0.911783,0.410671

-0.912718,0.275399
0.911258,0.411836

-0.914724,0.275751
0.910731,0.413

-0.916729,0.276102
0.910203,0.414163

-0.918731,0.276453
0.909673,0.415326

-0.920732,0.276803
0.909141,0.416488

-0.922732,0.277153
0.908609,0.417649

-0.92473,0.277502
0.908074,0.418809

-0.926726,0.27785
0.907538,0.419969

-0.92872,0.278199
0.907001,0.421128

-0.930713,0.278546
0.906462,0.422287

-0.932704,0.278894
0.905922,0.423444

-0.934694,0.27924
0.90538,0.424602

-0.936682,0.279587
0.904837,0.425758

-0.938668,0.279932
0.904292,0.426914

-0.940652,0.280278
0.903746,0.428069

-0.942635,0.280623
0.903199,0.429223

-0.944617,0.280967
0.902649,0.430376

-0.946597,0.281311
0.902099,0.431529

-0.948575,0.281654
0.901547,0.432682

-0.950552,0.281997
0.900993,0.433833

-0.952527,0.282339
0.900438,0.434984

-0.9545,0.282681
0.899882,0.436134

-0.956472,0.283023
0.899324,0.437283

-0.958442,0.283364
0.898764,0.438432

-0.960411,0.283705
0.898204,0.43958

-0.962378,0.284045
0.897641,0.440727

-0.964344,0.284385
0.897077,0.441873

-0.966308,0.284724
0.896512,0.443019

-0.968271,0.285063
0.895945,0.444164

-0.970232,0.285401
0.895377,0.445309

-0.972191,0.285739
0.894808,0.446452

-0.974149,0.286076
0.894236,0.447595

-0.976106,0.286413
0.893664,0.448737

-0.978061,0.28675
0.89309,0.449878

-0.980014,0.287086
0.892514,0.451019

-0.981966,0.287422
0.891937,0.452159

-0.983917,0.287757
0.891359,0.453298

-0.985866,0.288092
0.890779,0.454437

-0.987814,0.288426
0.890198,0.455574

-0.98976,0.28876
0.889615,0.456711

-0.991704,0.289094
0.889031,0.457848

-0.993648,0.289427
0.888445,0.458983

-0.995589,0.28976
0.887858,0.460118

-0.99753,0.290092
0.887269,0.461252

-0.999469,0.290424
0.886679,0.462385

-1.00141,0.290755
0.886088,0.463517

-1.00334,0.291086
0.885495,0.464649

-1.00528,0.291417
0.884901,0.46578

-1.00721,0.291747
0.884305,0.46691

-1.00914,0.292077
0.883707,0.46804

-1.01107,0.292406
0.883109,0.469168

-1.013,0.292735
0.882509,0.470296

-1.01493,0.293064
0.881907,0.471423

-1.01685,0.293392
0.881304,0.47255

-1.01878,0.29372
0.8807,0.473675

-1.0207,0.294047
0.880094,0.4748

-1.02262,0.294374
0.879486,0.475924

-1.02454,0.294701
0.878878,0.477047

-1.02646,0.295027
0.878267,0.47817

-1.02838,0.295353
0.877656,0.479292

-1.0303,0.295679
0.877043,0.480412

-1.03221,0.296004
0.876428,0.481533

-1.03413,0.296328
0.875812,0.482652

-1.03604,0.296653
0.875195,0.48377

-1.03795,0.296976
0.874576,0.484888

-1.03986,0.2973
0.873956,0.486005

-1.04177,0.297623
0.873334,0.487121

-1.04368,0.297946
0.872711,0.488237

-1.04558,0.298268
0.872087,0.489351

-1.04749,0.29859
0.871461,0.490465

-1.04939,0.298912
0.870833,0.491578

-1.05129,0.299233
0.870205,0.49269

-1.05319,0.299554
0.869575,0.493802

-1.05509,0.299875
0.868943,0.494912

-1.05699,0.300195
0.86831,0.496022

-1.05888,0.300515
0.867675,0.497131

-1.06078,0.300834
0.86704,0.498239

-1.06267,0.301153
0.866402,0.499347

-1.06457,0.301472
0.865764,0.500453

-1.06646,0.30179
0.865124,0.501559

-1.06835,0.302108
0.864482,0.502664

-1.07024,0.302426
0.863839,0.503768

-1.07212,0.302743
0.863195,0.504871

-1.07401,0.30306
0.862549,0.505973

-1.0759,0.303377
0.861902,0.507075

-1.07778,0.303693
0.861253,0.508176

-1.07966,0.304009
0.860603,0.509276

-1.08154,0.304324
0.859952,0.510375

-1.08342,0.304639
0.859299,0.511473

-1.0853,0.304954
0.858645,0.51257

-1.08718,0.305269
0.85799,0.513667

-1.08906,0.305583
0.857333,0.514763

-1.09093,0.305897
0.856674,0.515858

-1.09281,0.30621
0.856014,0.516952

-1.09468,0.306523
0.855353,0.518045

-1.09655,0.306836
0.854691,0.519137

-1.09842,0.307149
0.854027,0.520229

-1.10029,0.307461
0.853361,0.52132

-1.10403,0.308084
0.852027,0.523499

-1.10776,0.308706
0.850686,0.525674

-1.11148,0.309327
0.84934,0.527846

-1.1152,0.309946
0.847989,0.530014

-1.11892,0.310564
0.846632,0.53218

-1.12263,0.311181
0.845269,0.534341

-1.12634,0.311796
0.843901,0.536499

-1.13004,0.31241
0.842527,0.538654

-1.13374,0.313023
0.841148,0.540805

-1.13743,0.313635
0.839763,0.542953

-1.14112,0.314246
0.838373,0.545097

-1.1448,0.314855
0.836978,0.547237

-1.14848,0.315463
0.835577,0.549374

-1.15216,0.31607
0.83417,0.551507

-1.15583,0.316676
0.832758,0.553637

-1.15949,0.31728
0.831341,0.555763

-1.16316,0.317883
0.829918,0.557885

-1.16681,0.318486
0.82849,0.560004

-1.17047,0.319087
0.827056,0.562119

-1.17412,0.319686
0.825617,0.564231

-1.17776,0.320285
0.824173,0.566339

-1.1814,0.320883
0.822723,0.568443

-1.18504,0.321479
0.821268,0.570543

-1.18867,0.322074
0.819807,0.57264

-1.1923,0.322668
0.818341,0.574733

-1.19592,0.323262
0.81687,0.576822

-1.19954,0.323853
0.815393,0.578907

-1.20316,0.324444
0.813911,0.580989

-1.20677,0.325034
0.812424,0.583067

-1.21038,0.325623
0.810932,0.585141

-1.21398,0.326211
0.809434,0.587211

-1.21758,0.326797
0.807931,0.589277

-1.22118,0.327383
0.806422,0.59134

-1.22477,0.327967
0.804909,0.593399

-1.22836,0.328551
0.80339,0.595453

-1.23195,0.329133
0.801866,0.597504

-1.23553,0.329715
0.800336,0.599551

-1.2391,0.330295
0.798802,0.601594

-1.24268,0.330874
0.797262,0.603633

-1.24625,0.331453
0.795717,0.605669

-1.24981,0.33203
0.794167,0.6077

-1.25337,0.332607
0.792611,0.609727

-1.25693,0.333182
0.791051,0.611751

-1.26048,0.333756
0.789485,0.61377

-1.26403,0.33433
0.787914,0.615785

-1.26758,0.334902
0.786338,0.617796

-1.27112,0.335474
0.784757,0.619804

-1.27466,0.336045
0.783171,0.621807

-1.2782,0.336614
0.781579,0.623806

-1.28173,0.337183
0.779983,0.625801

-1.28526,0.337751
0.778381,0.627792

-1.28879,0.338318
0.776774,0.629779

-1.29231,0.338884
0.775163,0.631762

-1.29583,0.339449
0.773546,0.633741

-1.29934,0.340013
0.771924,0.635715

-1.30285,0.340576
0.770297,0.637685

-1.30636,0.341138
0.768665,0.639652

-1.30986,0.3417
0.767028,0.641614

-1.31336,0.34226
0.765386,0.643571

-1.31686,0.34282
0.763739,0.645525

-1.32036,0.343378
0.762087,0.647475

-1.32385,0.343936
0.76043,0.64942

-1.32733,0.344493
0.758768,0.651361

-1.33082,0.34505
0.757101,0.653297

-1.3343,0.345605
0.75543,0.65523

-1.33778,0.346159
0.753753,0.657158

-1.34125,0.346713
0.752071,0.659082

-1.34472,0.347266
0.750385,0.661001

-1.34819,0.347818
0.748693,0.662917

-1.35165,0.348369
0.746997,0.664828

-1.35511,0.348919
0.745296,0.666734

-1.35857,0.349468
0.74359,0.668636

-1.36202,0.350017
0.741879,0.670534

-1.36548,0.350565
0.740163,0.672428

-1.36892,0.351112
0.738442,0.674317

-1.37237,0.351658
0.736717,0.676201

-1.37581,0.352204
0.734986,0.678082

-1.37925,0.352748
0.733251,0.679958

-1.38269,0.353292
0.731512,0.681829

-1.38612,0.353835
0.729767,0.683696

-1.38955,0.354377
0.728018,0.685558

-1.39297,0.354919
0.726263,0.687416

-1.3964,0.35546
0.724505,0.68927

-1.39982,0.356
0.722741,0.691119

-1.40323,0.356539
0.720973,0.692964

-1.40665,0.357077
0.7192,0.694804

-1.41006,0.357615
0.717422,0.696639

-1.41347,0.358152
0.715639,0.69847

-1.41687,0.358688
0.713852,0.700296

-1.42028,0.359224
0.712061,0.702118

-1.42368,0.359758
0.710264,0.703935

-1.42707,0.360292
0.708463,0.705748

-1.43047,0.360826
0.706658,0.707556

-1.43386,0.361358
0.704847,0.709359

-1.43724,0.36189
0.703032,0.711158

-1.44063,0.362421
0.701213,0.712952

-1.44401,0.362951
0.699389,0.714741

-1.44739,0.363481
0.69756,0.716526

-1.45077,0.36401
0.695727,0.718306

-1.45414,0.364538
0.693889,0.720082

-1.45751,0.365066
0.692047,0.721852

-1.46088,0.365593
0.6902,0.723618

-1.46424,0.366119
0.688349,0.72538

-1.46761,0.366645
0.686493,0.727136

-1.47097,0.36717
0.684633,0.728888

-1.47432,0.367694
0.682768,0.730635

-1.47768,0.368217
0.680899,0.732377

-1.48103,0.36874
0.679026,0.734115

-1.48438,0.369262
0.677148,0.735847

-1.48772,0.369784
0.675265,0.737575

-1.49107,0.370304
0.673378,0.739298

-1.49441,0.370825
0.671487,0.741016

-1.49775,0.371344
0.669591,0.74273

-1.50108,0.371863
0.667691,0.744438

-1.50441,0.372381
0.665787,0.746142

-1.50775,0.372899
0.663878,0.747841

-1.51107,0.373416
0.661965,0.749535

-1.5144,0.373932
0.660048,0.751224

-1.51772,0.374448
0.658126,0.752908

-1.52104,0.374963
0.6562,0.754587

-1.52436,0.375477
0.65427,0.756261

-1.52767,0.375991
0.652335,0.757931

-1.53098,0.376504
0.650396,0.759595

-1.53429,0.377017
0.648453,0.761254

-1.5376,0.377528
0.646506,0.762909

-1.5409,0.37804
0.644554,0.764558

-1.54421,0.37855
0.642599,0.766203

-1.54751,0.379061
0.640639,0.767842

-1.5508,0.37957
0.638675,0.769477

-1.5541,0.380079
0.636706,0.771106

-1.55739,0.380587
0.634734,0.772731

-1.56068,0.381095
0.632757,0.77435

-1.56397,0.381602
0.630777,0.775964

-1.56725,0.382109
0.628792,0.777574

-1.57053,0.382615
0.626803,0.779178

-1.57381,0.38312
0.62481,0.780777

-1.57709,0.383625
0.622813,0.782371

-1.58037,0.384129
0.620812,0.78396

-1.58364,0.384632
0.618806,0.785544

-1.58691,0.385136
0.616797,0.787122

-1.59018,0.385638
0.614784,0.788696

-1.59344,0.38614
0.612767,0.790264

-1.5967,0.386641
0.610745,0.791827

-1.59997,0.387142
0.60872,0.793385

-1.60322,0.387642
0.606691,0.794938

-1.60648,0.388142
0.604657,0.796486

-1.60973,0.388641
0.60262,0.798028

-1.61299,0.38914
0.600579,0.799565

-1.61623,0.389638
0.598534,0.801097

-1.61948,0.390135
0.596485,0.802624

-1.62273,0.390632
0.594432,0.804146

-1.62597,0.391128
0.592376,0.805662

-1.62921,0.391624
0.590315,0.807173

-1.63245,0.39212
0.588251,0.808679

-1.63568,0.392614
0.586182,0.810179

-1.63892,0.393109
0.58411,0.811674

-1.64215,0.393602
0.582034,0.813164

-1.64538,0.394096
0.579955,0.814649

-1.6486,0.394588
0.577871,0.816128

-1.65183,0.39508
0.575784,0.817602

-1.65505,0.395572
0.573693,0.819071

-1.65827,0.396063
0.571598,0.820534

-1.66149,0.396554
0.569499,0.821992

-1.6647,0.397044
0.567397,0.823444

-1.66792,0.397534
0.565291,0.824891

-1.67113,0.398023
0.563182,0.826333

-1.67434,0.398511
0.561068,0.827769

-1.67755,0.398999
0.558951,0.8292

-1.68075,0.399487
0.556831,0.830626

-1.68395,0.399974
0.554707,0.832046

-1.68715,0.400461
0.552579,0.833461

-1.69035,0.400947
0.550447,0.83487

-1.69355,0.401432
0.548312,0.836274

-1.69674,0.401917
0.546173,0.837672

-1.69994,0.402402
0.544031,0.839065

-1.70313,0.402886
0.541885,0.840452

-1.70632,0.40337
0.539736,0.841834

-1.7095,0.403853
0.537583,0.843211

-1.71269,0.404336
0.535427,0.844582

-1.71587,0.404818
0.533267,0.845947

-1.71905,0.4053
0.531104,0.847307

-1.72223,0.405781
0.528937,0.848661

-1.7254,0.406262
0.526767,0.85001

-1.72858,0.406742
0.524593,0.851353

-1.73175,0.407222
0.522416,0.852691

-1.73492,0.407701
0.520235,0.854023

-1.73809,0.40818
0.518051,0.855349

-1.74125,0.408659
0.515864,0.85667

-1.74442,0.409137
0.513673,0.857986

-1.74758,0.409614
0.511479,0.859296

-1.75074,0.410091
0.509282,0.8606

-1.7539,0.410568
0.507081,0.861898

-1.75705,0.411044
0.504877,0.863191

-1.76021,0.41152
0.50267,0.864478

-1.76336,0.411995
0.500459,0.86576

-1.76651,0.41247
0.498246,0.867036

-1.76966,0.412945
0.496028,0.868306

-1.7728,0.413419
0.493808,0.869571

-1.77595,0.413892
0.491585,0.87083

-1.77909,0.414365
0.489358,0.872083

-1.78223,0.414838
0.487128,0.873331

-1.78537,0.41531
0.484895,0.874573

-1.78851,0.415782
0.482658,0.875809

-1.79164,0.416253
0.480419,0.877039

-1.79478,0.416724
0.478176,0.878264

-1.79791,0.417195
0.475931,0.879483

-1.80104,0.417665
0.473682,0.880696

-1.80417,0.418134
0.47143,0.881904

-1.80729,0.418604
0.469175,0.883105

-1.81042,0.419072
0.466917,0.884301

-1.81354,0.419541
0.464656,0.885491

-1.81666,0.420009
0.462391,0.886676

-1.81978,0.420476
0.460124,0.887855

-1.82289,0.420943
0.457854,0.889027

-1.82601,0.42141
0.455581,0.890194

-1.82912,0.421876
0.453305,0.891356

-1.83223,0.422342
0.451026,0.892511

-1.83534,0.422808
0.448744,0.893661

-1.83845,0.423273
0.446459,0.894804

-1.84156,0.423738
0.444171,0.895942

-1.84466,0.424202
0.44188,0.897074

-1.84776,0.424666
0.439586,0.8982

-1.85086,0.425129
0.43729,0.899321

-1.85396,0.425592
0.43499,0.900435

-1.85706,0.426055
0.432688,0.901544

-1.86015,0.426517
0.430383,0.902646

-1.86325,0.426979
0.428075,0.903743

-1.86634,0.427441
0.425765,0.904834

-1.86943,0.427902
0.423451,0.905919

-1.87252,0.428363
0.421135,0.906998

-1.8756,0.428823
0.418816,0.908071

-1.87869,0.429283
0.416494,0.909138

-1.88177,0.429743
0.41417,0.9102

-1.88485,0.430202
0.411843,0.911255

-1.88793,0.430661
0.409513,0.912304

-1.89101,0.431119
0.40718,0.913348

-1.89409,0.431577
0.404845,0.914385

-1.89716,0.432035
0.402508,0.915417

-1.90024,0.432492
0.400167,0.916442

-1.90331,0.432949
0.397824,0.917462

-1.90638,0.433405
0.395478,0.918475

-1.90944,0.433862
0.39313,0.919483

-1.91251,0.434317
0.390779,0.920484

-1.91558,0.434773
0.388426,0.92148

-1.91864,0.435228
0.38607,0.922469

-1.9217,0.435683
0.383712,0.923453

-1.92476,0.436137
0.381351,0.92443

-1.92782,0.436591
0.378988,0.925402

-1.93087,0.437045
0.376622,0.926367

-1.93393,0.437498
0.374253,0.927326

-1.93698,0.437951
0.371883,0.92828

-1.94003,0.438403
0.36951,0.929227

-1.94308,0.438855
0.367134,0.930168

-1.94613,0.439307
0.364756,0.931103

-1.94918,0.439759
0.362376,0.932032

-1.95222,0.44021
0.359993,0.932955

-1.95527,0.44066
0.357608,0.933872

-1.96135,0.441561
0.352831,0.935687

-1.96743,0.44246
0.348044,0.937478

-1.9735,0.443358
0.343249,0.939245

-1.97956,0.444254
0.338444,0.940986

-1.98562,0.445149
0.333631,0.942704

-1.99167,0.446042
0.328809,0.944396

-1.99772,0.446935
0.323978,0.946064

-2.00375,0.447826
0.319139,0.947708

-2.00979,0.448715
0.314292,0.949326

-2.01582,0.449603
0.309436,0.95092

-2.02184,0.45049
0.304573,0.952489

-2.02785,0.451376
0.299701,0.954033

-2.03386,0.45226
0.294822,0.955552

-2.03987,0.453144
0.289935,0.957046

-2.04586,0.454025
0.28504,0.958516

-2.05185,0.454906
0.280138,0.95996

-2.05784,0.455785
0.275228,0.961379

-2.06382,0.456663
0.270312,0.962773

-2.0698,0.45754
0.265388,0.964142

-2.07577,0.458416
0.260457,0.965485

-2.08173,0.45929
0.25552,0.966804

-2.08769,0.460163
0.250576,0.968097

-2.09364,0.461035
0.245625,0.969365

-2.09959,0.461906
0.240668,0.970608

-2.10553,0.462775
0.235704,0.971825

-2.11146,0.463644
0.230735,0.973017

-2.11739,0.464511
0.225759,0.974183

-2.12332,0.465377
0.220778,0.975324

-2.12924,0.466242
0.215791,0.97644

-2.13515,0.467106
0.210798,0.97753

-2.14106,0.467968
0.205799,0.978594

-2.14696,0.468829
0.200796,0.979633

-2.15286,0.46969
0.195787,0.980646

-2.15875,0.470549
0.190773,0.981634

-2.16464,0.471407
0.185754,0.982596

-2.17052,0.472264
0.18073,0.983533

-2.1764,0.47312
0.175701,0.984444

-2.18227,0.473975
0.170668,0.985329

-2.18814,0.474828
0.16563,0.986188

-2.194,0.475681
0.160588,0.987022

-2.19986,0.476532
0.155542,0.987829

-2.20571,0.477383
0.150492,0.988611

-2.21156,0.478232
0.145437,0.989367

-2.2174,0.47908
0.140379,0.990098

-2.22323,0.479928
0.135318,0.990802

-2.22907,0.480774
0.130253,0.991481

-2.23489,0.481619
0.125184,0.992134

-2.24072,0.482463
0.120112,0.99276

-2.24653,0.483306
0.115037,0.993361

-2.25234,0.484148
0.109959,0.993936

-2.25815,0.48499
0.104878,0.994485

-2.26396,0.48583
0.0997945,0.995008

-2.26975,0.486669
0.0947082,0.995505

-2.27555,0.487507
0.0896195,0.995976

-2.28133,0.488344
0.0845285,0.996421

-2.28712,0.48918
0.0794352,0.99684

-2.2929,0.490015
0.0743399,0.997233

-2.29867,0.490849
0.0692426,0.9976

-2.30444,0.491683
0.0641436,0.997941

-2.31021,0.492515
0.0590428,0.998255

-2.31597,0.493346
0.0539405,0.998544

-2.32172,0.494177
0.0488368,0.998807

-2.32747,0.495006
0.0437318,0.999043

-2.33322,0.495834
0.0386257,0.999254

-2.33896,0.496662
0.0335186,0.999438

-2.3447,0.497488
0.0284106,0.999596

-2.35044,0.498314
0.0233018,0.999728

-2.35617,0.499139
0.0181924,0.999835

-2.36189,0.499963
0.0130826,0.999914

-2.36761,0.500786
0.00797243,0.999968

-2.37333,0.501608
0.00286205,0.999996

-2.37904,0.502429
-0.00224841,0.999997

-2.38474,0.503249
-0.00735881,0.999973

-2.39045,0.504068
-0.012469,0.999922

-2.39615,0.504887
-0.0175789,0.999845

-2.40184,0.505705
-0.0226883,0.999743

-2.40753,0.506521
-0.0277971,0.999614

-2.41322,0.507337
-0.0329053,0.999458

-2.4189,0.508152
-0.0380125,0.999277

-2.42458,0.508966
-0.0431188,0.99907

-2.43025,0.50978
-0.0482239,0.998837

-2.43592,0.510592
-0.0533277,0.998577

-2.44158,0.511404
-0.0584302,0.998291

-2.44724,0.512214
-0.0635312,0.99798

-2.4529,0.513024
-0.0686305,0.997642

-2.45855,0.513833
-0.0737279,0.997278

-2.4642,0.514642
-0.0788235,0.996889

-2.46985,0.515449
-0.083917,0.996473

-2.47549,0.516256
-0.0890083,0.996031

-2.48112,0.517061
-0.0940973,0.995563

-2.48676,0.517866
-0.0991839,0.995069

-2.49239,0.51867
-0.104268,0.994549

-2.49801,0.519474
-0.109349,0.994003

-2.50363,0.520276
-0.114427,0.993432

-2.50925,0.521078
-0.119503,0.992834

-2.51486,0.521879
-0.124575,0.99221

-2.52047,0.522679
-0.129644,0.991561

-2.52607,0.523479
-0.13471,0.990885

-2.53168,0.524277
-0.139772,0.990184

-2.53727,0.525075
-0.14483,0.989457

-2.54287,0.525872
-0.149885,0.988703

-2.54846,0.526669
-0.154936,0.987925

-2.55404,0.527464
-0.159982,0.98712

-2.55962,0.528259
-0.165025,0.986289

-2.5652,0.529053
-0.170063,0.985433

-2.57078,0.529846
-0.175097,0.984551

-2.57635,0.530639
-0.180126,0.983644

-2.58192,0.531431
-0.185151,0.98271

-2.58748,0.532222
-0.19017,0.981751

-2.59304,0.533012
-0.195185,0.980766

-2.59859,0.533802
-0.200195,0.979756

-2.60415,0.534591
-0.205199,0.97872

-2.6097,0.535379
-0.210198,0.977659

-2.61524,0.536166
-0.215191,0.976572

-2.62078,0.536953
-0.220179,0.975459

-2.62632,0.537739
-0.225162,0.974321

-2.63186,0.538524
-0.230138,0.973158

-2.63739,0.539309
-0.235108,0.971969

-2.64291,0.540092
-0.240072,0.970755

-2.64844,0.540876
-0.24503,0.969515

-2.65396,0.541658
-0.249981,0.968251

-2.65948,0.54244
-0.254926,0.96696

-2.66499,0.543221
-0.259865,0.965645

-2.6705,0.544001
-0.264796,0.964304

-2.676,0.544781
-0.269721,0.962939

-2.68151,0.54556
-0.274638,0.961548

-2.68701,0.546338
-0.279549,0.960132

-2.6925,0.547116
-0.284452,0.95869

-2.698,0.547893
-0.289347,0.957224

-2.70349,0.548669
-0.294235,0.955733

-2.70897,0.549445
-0.299116,0.954217

-2.71445,0.55022
-0.303988,0.952676

-2.71993,0.550994
-0.308853,0.95111

-2.72541,0.551768
-0.313709,0.949519

-2.73088,0.552541
-0.318558,0.947903

-2.73635,0.553313
-0.323398,0.946263

-2.74182,0.554085
-0.328229,0.944598

-2.74728,0.554856
-0.333052,0.942908

-2.75274,0.555626
-0.337867,0.941194

-2.75819,0.556396
-0.342672,0.939455

-2.76365,0.557165
-0.347469,0.937692

-2.7691,0.557934
-0.352256,0.935904

-2.77454,0.558702
-0.357035,0.934091

-2.77999,0.559469
-0.361804,0.932254

-2.78543,0.560236
-0.366563,0.930393

-2.79086,0.561002
-0.371313,0.928508

-2.7963,0.561767
-0.376053,0.926598

-2.80173,0.562532
-0.380784,0.924664

-2.80715,0.563296
-0.385504,0.922706

-2.81258,0.564059
-0.390215,0.920724

-2.818,0.564822
-0.394915,0.918718

-2.82342,0.565585
-0.399605,0.916688

-2.82883,0.566346
-0.404284,0.914633

-2.83424,0.567107
-0.408953,0.912555

-2.83965,0.567868
-0.413611,0.910454

-2.84506,0.568628
-0.418259,0.908328

-2.85046,0.569387
-0.422895,0.906179

-2.85586,0.570146
-0.427521,0.904006

-2.86125,0.570904
-0.432135,0.901809

-2.86665,0.571661
-0.436738,0.899589

-2.87204,0.572418
-0.441329,0.897345

-2.87742,0.573175
-0.44591,0.895078

-2.88281,0.573931
-0.450478,0.892788

-2.88819,0.574686
-0.455035,0.890474

-2.89357,0.57544
-0.459579,0.888137

-2.89894,0.576194
-0.464112,0.885776

-2.90432,0.576948
-0.468633,0.883393

-2.90969,0.577701
-0.473141,0.880987

-2.91505,0.578453
-0.477637,0.878557

-2.92042,0.579205
-0.482121,0.876105

-2.92578,0.579956
-0.486592,0.873629

-2.93113,0.580707
-0.49105,0.871131

-2.93649,0.581457
-0.495496,0.86861

-2.94184,0.582207
-0.499928,0.866067

-2.94719,0.582956
-0.504348,0.863501

-2.95254,0.583704
-0.508754,0.860912

-2.95788,0.584452
-0.513147,0.858301

-2.96322,0.585199
-0.517526,0.855667

-2.96856,0.585946
-0.521892,0.853011

-2.97389,0.586693
-0.526245,0.850333

-2.97922,0.587438
-0.530584,0.847633

-2.98455,0.588184
-0.534909,0.84491

-2.98988,0.588928
-0.539219,0.842165

-2.9952,0.589672
-0.543516,0.839399

-3.00052,0.590416
-0.547799,0.83661

-3.00584,0.591159
-0.552067,0.8338

-3.01116,0.591902
-0.556321,0.830968

-3.01647,0.592644
-0.56056,0.828114

-3.02178,0.593385
-0.564785,0.825238

-3.02709,0.594126
-0.568995,0.822341

-3.03239,0.594867
-0.57319,0.819422

-3.03769,0.595607
-0.57737,0.816483

-3.04299,0.596346
-0.581535,0.813521

-3.04829,0.597085
-0.585685,0.810539

-3.05358,0.597823
-0.58982,0.807535

-3.05887,0.598561
-0.593939,0.80451

-3.06416,0.599299
-0.598042,0.801464

-3.06945,0.600036
-0.60213,0.798398

-3.07473,0.600772
-0.606203,0.79531

-3.08001,0.601508
-0.610259,0.792202

-3.08529,0.602243
-0.6143,0.789073

-3.09056,0.602978
-0.618324,0.785923

-3.09583,0.603712
-0.622333,0.782753

-3.1011,0.604446
-0.626325,0.779562

-3.10637,0.60518
-0.6303,0.776351

-3.11164,0.605913
-0.63426,0.77312

-3.1169,0.606645
-0.638202,0.769869

-3.12216,0.607377
-0.642128,0.766597

-3.12742,0.608109
-0.646038,0.763306

-3.13267,0.60884
-0.64993,0.759994

-3.13792,0.60957
-0.653806,0.756663

-3.14317,0.6103
-0.657664,0.753312

-3.14842,0.61103
-0.661505,0.749941

-3.15366,0.611759
-0.665329,0.74655

-3.1589,0.612487
-0.669135,0.74314

