-0.000607218,0.0198231
0.999992,0.00395261

-0.0211191,0.00609885
0.999968,0.00794509

-0.0133094,-0.016454
0.999929,0.0119374

0.0126002,-0.0134738
0.999873,0.0159296

0.0117189,0.014368
0.999802,0.0199215

-0.0141982,0.0158208
0.999714,0.0239131

-0.0207686,-0.00708785
0.999611,0.0279043

0.000561891,-0.0197001
0.999491,0.0318951

0.017828,0.00160553
0.999356,0.0358853

-0.0023362,0.0198787
0.999205,0.039875

-0.0215405,0.00460242
0.999038,0.043864

-0.0119212,-0.0173076
0.998854,0.0478524

0.0138057,-0.0120426
0.998655,0.05184

0.0103219,0.01558
0.99844,0.0558267

-0.0154431,0.0147993
0.99821,0.0598126

-0.0201511,-0.00852259
0.997963,0.0637975

0.00229129,-0.0193901
0.9977,0.0677814

0.0175802,0.00350656
0.997422,0.0717642

-0.00404774,0.0197869
0.997127,0.0757459

-0.0218424,0.00308049
0.996817,0.0797264

-0.0104568,-0.0180506
0.996491,0.0837056

0.0148777,-0.0104948
0.996148,0.0876834

0.00883084,0.0166499
0.99579,0.0916599

-0.0165943,0.0136882
0.995416,0.0956349

-0.0194195,-0.00990913
0.995027,0.0996084

0.00400251,-0.0189253
0.994621,0.10358

0.0171508,0.00537135
0.9942,0.10755

-0.00572996,0.0195525
0.993762,0.111519

-0.0220237,0.00154158
0.993309,0.115486

-0.00892391,-0.0186756
0.99284,0.119451

0.015803,-0.00884338
0.992355,0.123414

0.00726142,0.0175718
0.991855,0.127375

-0.0176465,0.0124955
0.991338,0.131334

-0.0185767,-0.011239
0.990806,0.135291

0.00568099,-0.0183051
0.990258,0.139245

0.0165454,0.00718105
0.989694,0.143198

-0.00737181,0.0191807
0.989114,0.147148

-0.0220836,-5.78826e-06
0.988519,0.151096

-0.00733117,-0.0191757
0.987908,0.155042

0.01657,-0.00710332
0.987281,0.158985

0.00562923,0.0183416
0.986638,0.162925

-0.0185951,0.0112296
0.98598,0.166863

-0.0176263,-0.0125038
0.985306,0.170798

0.00731161,-0.0175303
0.984616,0.174731

0.0157722,0.00891788
0.983911,0.17866

-0.00896306,0.0186777
0.98319,0.182587

-0.022022,-0.0015531
0.982453,0.186511

-0.00568804,-0.0195443
0.9817,0.190432

0.0171687,-0.00529104
0.980932,0.19435

0.00394972,0.0189568
0.980148,0.198265

-0.019436,0.00989882
0.979349,0.202177

-0.0165723,-0.0136953
0.978534,0.206085

0.00887891,-0.0166033
0.977703,0.20999

0.0148411,0.0105654
0.976857,0.213892

-0.0104943,0.0180499
0.975995,0.217791

-0.021839,-0.00309184
0.975118,0.221686

-0.00400475,-0.0197754
0.974225,0.225577

0.0175912,-0.0034244
0.973317,0.229465

0.00223795,0.0194167
0.972393,0.233349

-0.0201658,0.00851152
0.971454,0.23723

-0.0154194,-0.014805
0.970499,0.241106

0.0103672,-0.0155284
0.969528,0.244979

0.013764,0.012109
0.968543,0.248848

-0.011957,0.0173045
0.967541,0.252713

-0.0215354,-0.00461347
0.966525,0.256574

-0.0022924,-0.0198635
0.965493,0.260431

0.0178318,-0.00152228
0.964445,0.264283

0.000508454,0.0197219
0.963382,0.268132

-0.0207815,0.00707617
0.962304,0.271976

-0.0141728,-0.0158249
0.96121,0.275816

0.0117609,-0.0143115
0.960102,0.279652

0.0125538,0.0135355
0.958977,0.283483

-0.0133432,0.0164487
0.957838,0.287309

-0.0211124,-0.0061095
0.956683,0.291131

-0.000562913,-0.0198041
0.955513,0.294948

0.0178872,0.000395709
0.954328,0.298761

-0.00122486,0.0198744
0.953128,0.302569

-0.0212806,0.00560124
0.951912,0.306372

-0.0128385,-0.0167469
0.950681,0.31017

0.0130447,-0.0129607
0.949435,0.313963

0.0112249,0.0148339
0.948174,0.317751

-0.014646,0.0154901
0.946898,0.321534

-0.0205714,-0.0075714
0.945607,0.325312

0.001171,-0.0195935
0.9443,0.329085

0.0177567,0.00230965
0.942979,0.332852

-0.00294883,0.0198771
0.941643,0.336615

-0.0216614,0.00409522
0.940291,0.340371

-0.0114231,-0.0175633
0.938925,0.344123

0.0142037,-0.0114859
0.937543,0.347869

0.00979219,0.0159951
0.936147,0.351609

-0.0158589,0.0144368
0.934736,0.355344

-0.0199147,-0.0089907
0.933309,0.359073

0.00289583,-0.019229
0.931868,0.362797

0.0174421,0.0041997
0.930412,0.366514

-0.00465108,0.0197342
0.928942,0.370226

-0.0219222,0.00256661
0.927456,0.373932

-0.00993402,-0.0182665
0.925956,0.377632

0.0152243,-0.00989886
0.924441,0.381326

0.00827116,0.0170119
0.922911,0.385014

-0.0169762,0.0132966
0.921366,0.388695

-0.0191448,-0.0103589
0.919807,0.392371

0.0045974,-0.0187092
0.918233,0.39604

0.0169477,0.0060465
0.916645,0.399703

-0.00632001,0.0194506
0.915042,0.403359

-0.0220621,0.00102393
0.913424,0.40701

-0.00837929,-0.0188492
0.911792,0.410653

0.0160937,-0.00821344
0.910145,0.41429

0.00667744,0.0178792
0.908483,0.417921

-0.017993,0.0120778
0.906808,0.421545

-0.0182649,-0.0116676
0.905117,0.425162

0.0062609,-0.018034
0.903413,0.428772

0.0162801,0.00783158
0.901694,0.432376

-0.00794491,0.0190318
0.89996,0.435972

-0.0220806,-0.000524319
0.898212,0.439562

-0.00676786,-0.0193045
0.89645,0.443144

0.0168008,-0.00644508
0.894674,0.44672

0.00502661,0.0185933
0.892883,0.450289

-0.0189048,0.0107887
0.891078,0.45385

-0.0172787,-0.0129083
0.889259,0.457404

0.00787106,-0.0172047
0.887426,0.460951

0.0154481,0.00953762
0.885578,0.46449

-0.00951583,0.0184841
0.883717,0.468022

-0.0219776,-0.00206961
0.881841,0.471547

-0.00510944,-0.0196261
0.879951,0.475064

0.0173365,-0.00461081
0.878048,0.478573

0.00333396,0.0191525
0.87613,0.482075

-0.0197077,0.00943757
0.874198,0.485569

-0.0161903,-0.0140728
0.872253,0.489055

0.00941228,-0.0162244
0.870293,0.492534

0.0144623,0.0111488
0.86832,0.496005

-0.0110237,0.0178142
0.866333,0.499468

-0.0217535,-0.00360342
0.864332,0.502922

-0.0034146,-0.0198081
0.862317,0.506369

0.0176935,-0.00272892
0.860288,0.509808

0.00161438,0.0195566
0.858246,0.513239

-0.0203984,0.00803289
0.85619,0.516661

-0.0150048,-0.0151528
0.85412,0.520076

0.0108689,-0.0150981
0.852037,0.523482

0.0133351,0.012651
0.84994,0.526879

-0.0124602,0.0170292
0.84783,0.530268

-0.0214091,-0.00511724
0.845706,0.533649

-0.00169472,-0.0198455
0.843569,0.537021

0.0178671,-0.000818615
0.841418,0.540385

-0.000117826,0.0198066
0.839254,0.54374

-0.0209742,0.0065831
0.837076,0.547087

-0.0137275,-0.0161402
0.834885,0.550424

0.0122253,-0.0138323
0.832681,0.553753

0.0120801,0.014032
0.830463,0.557073

-0.0138177,0.0161366
0.828233,0.560385

-0.0209457,-0.00660257
0.825989,0.563687

3.79837e-05,-0.0197338
0.823731,0.56698

0.0178549,0.00110032
0.821461,0.570264

-0.00184905,0.019905
0.819178,0.57354

-0.0214329,0.00509665
0.816881,0.576806

-0.0123646,-0.017027
0.814572,0.580062

0.0134663,-0.0124357
0.81225,0.58331

0.0107117,0.0152813
0.809914,0.586548

-0.0150895,0.0151441
0.807566,0.589777

-0.0203651,-0.00805088
0.805205,0.592997

0.00177049,-0.0194697
0.802831,0.596207

0.017657,0.00300793
0.800444,0.599407

-0.0035664,0.0198551
0.798045,0.602598

-0.0217726,0.00358204
0.795632,0.60578

-0.010923,-0.0178055
0.793207,0.608952

0.0145775,-0.0109191
0.79077,0.612114

0.00924519,0.0163906
0.78832,0.615266

-0.0162695,0.0140595
0.785857,0.618409

-0.0196696,-0.00945371
0.783382,0.621541

0.00348904,-0.019051
0.780894,0.624664

0.0172763,0.00488451
0.778394,0.627777

-0.0052578,0.0196613
0.775881,0.630879

-0.021992,0.00204777
0.773356,0.633972

-0.0094104,-0.0184682
0.770819,0.637055

0.0155453,-0.00929489
0.768269,0.640127

0.00769606,0.0173535
0.765707,0.643189

-0.0173522,0.0128911
0.763133,0.646241

-0.0188619,-0.0108026
0.760547,0.649283

0.0051792,-0.0184766
0.757948,0.652314

0.0167179,0.00671096
0.755338,0.655335

-0.00691199,0.0193288
0.752716,0.658346

-0.0220904,0.000502344
0.750081,0.661346

-0.00783509,-0.019008
0.747435,0.664335

0.0163577,-0.00757761
0.744776,0.667314

0.00607995,0.0181654
0.742106,0.670282

-0.0183327,0.011647
0.739424,0.67324

-0.0179454,-0.0120891
0.73673,0.676187

0.00682596,-0.0177471
0.734025,0.679123

0.0159892,0.00846919
0.731307,0.682048

-0.00851853,0.0188634
0.728578,0.684962

-0.0220673,-0.00104573
0.725838,0.687866

-0.00620628,-0.0194181
0.723086,0.690758

0.0170042,-0.00578331
0.720322,0.69364

0.00441236,0.0188234
0.717547,0.69651

-0.0192069,0.0103355
0.71476,0.699369

-0.0169239,-0.0133048
0.711963,0.702217

0.00841388,-0.0168642
0.709153,0.705054

0.0150998,0.0101424
0.706333,0.70788

-0.0100678,0.0182715
0.703501,0.710695

-0.0219228,-0.00258794
0.700658,0.713498

-0.004534,-0.0196924
0.697803,0.716289

0.0174763,-0.00392952
0.694938,0.71907

0.00270843,0.0193263
0.692062,0.721838

-0.019971,0.008965
0.689174,0.724596

-0.0158019,-0.0144414
0.686276,0.727342

0.00992731,-0.0158317
0.683366,0.730076

0.014061,0.0117154
0.680446,0.732798

-0.011551,0.01756
0.677515,0.735509

-0.0216575,-0.00411577
0.674573,0.738208

-0.00282909,-0.0198251
0.67162,0.740896

0.0177676,-0.00203493
0.668657,0.743571

0.000982841,0.0196744
0.665683,0.746235

-0.0206221,0.00754388
0.662698,0.748887

-0.0145845,-0.0154908
0.659703,0.751527

0.0113505,-0.0146552
0.656697,0.754155

0.0128856,0.0131747
0.653681,0.75677

-0.0129602,0.016736
0.650654,0.759374

-0.0212723,-0.00562072
0.647617,0.761966

-0.00110324,-0.0198115
0.64457,0.764546

0.0178742,-0.000119032
0.641512,0.767113

-0.000750357,0.0198692
0.638444,0.769668

-0.0211575,0.00608058
0.635366,0.772211

-0.0132773,-0.0164448
0.632278,0.774742

0.012668,-0.0133419
0.62918,0.77726

0.0115875,0.0145087
0.626072,0.779766

-0.0142879,0.0158073
0.622953,0.782259

-0.0207688,-0.00709428
0.619825,0.78474

0.00063105,-0.0196476
0.616687,0.787208

0.0177947,0.00179827
0.613539,0.789664

-0.00247782,0.0199136
0.610382,0.792107

-0.0215751,0.0045836
0.607214,0.794538

-0.0118869,-0.0172956
0.604037,0.796956

0.0138649,-0.0119013
0.60085,0.799361

0.0101816,0.0157078
0.597654,0.801754

-0.0155278,0.0147815
0.594448,0.804134

-0.0201488,-0.00852796
0.591233,0.806501

0.00236048,-0.0193302
0.588008,0.808855

0.0175301,0.00369705
0.584774,0.811196

-0.00418696,0.0198113
0.581531,0.813524

-0.0218734,0.0030614
0.578278,0.81584

-0.0104202,-0.0180355
0.575016,0.818142

0.0149268,-0.0103448
0.571745,0.820431

0.00868324,0.0167644
0.568465,0.822707

-0.0166739,0.0136665
0.565176,0.82497

-0.0194148,-0.00991327
0.561878,0.82722

0.00407103,-0.0188576
0.558571,0.829457

0.0170842,0.00555774
0.555255,0.83168

-0.00586602,0.0195669
0.55193,0.833891

-0.0220511,0.00152248
0.548596,0.836088

-0.00888519,-0.0186571
0.545253,0.838271

0.0158409,-0.00868562
0.541902,0.840442

0.00710797,0.0176727
0.538542,0.842598

-0.0177209,0.0124707
0.535174,0.844742

-0.0185697,-0.0112418
0.531797,0.846872

0.00574803,-0.0182293
0.528412,0.848988

0.016463,0.00736157
0.525018,0.851091

-0.00750403,0.019186
0.521616,0.853181

-0.0221076,-2.46518e-05
0.518205,0.855256

-0.00729054,-0.0191534
0.514786,0.857319

0.0165954,-0.00693877
0.511359,0.859367

0.00547143,0.0184287
0.507924,0.861402

-0.0186644,0.0112021
0.504481,0.863423

-0.0176171,-0.012505
0.50103,0.86543

0.00737629,-0.0174461
0.49757,0.867424

0.0156747,0.00909087
0.494103,0.869403

-0.00909088,0.0186744
0.490628,0.871369

-0.0220427,-0.00157151
0.487145,0.873321

-0.00564569,-0.0195179
0.483655,0.875259

0.0171807,-0.00512095
0.480156,0.877183

0.00378899,0.0190302
0.47665,0.879093

-0.0195002,0.0098691
0.473137,0.880989

-0.016561,-0.0136947
0.469615,0.882871

0.00894026,-0.0165106
0.466087,0.884739

0.0147296,0.0107294
0.462551,0.886593

-0.0106173,0.0180389
0.459007,0.888432

-0.0218567,-0.00310958
0.455457,0.890258

-0.00396095,-0.0197444
0.451899,0.892069

0.0175888,-0.00325016
0.448333,0.893866

0.00207564,0.0194767
0.444761,0.895649

-0.020225,0.00848006
0.441181,0.897418

-0.015406,-0.0148026
0.437595,0.899172

0.0104242,-0.0154271
0.434002,0.900912

0.0136395,0.0122625
0.430401,0.902638

-0.0120747,0.0172864
0.426794,0.904349

-0.0215501,-0.00463036
0.42318,0.906046

-0.00224746,-0.0198276
0.419559,0.907728

0.0178144,-0.00134545
0.415932,0.909396

0.00034583,0.0197688
0.412297,0.911049

-0.0208358,0.0070434
0.408657,0.912688

-0.0141574,-0.0158204
0.40501,0.914312

0.0118124,-0.0142017
0.401356,0.915922

0.0124178,0.0136775
0.397696,0.917517

-0.0134553,0.0164242
0.394029,0.919098

-0.0211242,-0.00612536
0.390357,0.920664

-0.000517203,-0.019763
0.386678,0.922215

0.0178543,0.000573476
0.382993,0.923751

-0.00138664,0.0199086
0.379302,0.925273

-0.0213302,0.00556756
0.375604,0.92678

-0.0128213,-0.0167402
0.371901,0.928272

0.0130896,-0.0128426
0.368192,0.92975

0.0110787,0.0149634
0.364477,0.931212

-0.0147523,0.01546
0.360756,0.93266

-0.0205806,-0.00758607
0.35703,0.934093

0.00121704,-0.0195468
0.353298,0.935511

0.0177081,0.00248662
0.34956,0.936914

-0.00310872,0.0198993
0.345816,0.938302

-0.0217063,0.00406101
0.342067,0.939675

-0.0114041,-0.0175541
0.338313,0.941034

0.0142408,-0.0113598
0.334553,0.942377

0.00963731,0.0161114
0.330788,0.943705

-0.0159592,0.0144017
0.327017,0.945018

-0.0199214,-0.00900402
0.323242,0.946316

0.00294171,-0.0191763
0.319461,0.947599

0.0173778,0.00437411
0.315675,0.948867

-0.00480811,0.0197449
0.311884,0.95012

-0.0219626,0.00253222
0.308088,0.951358

-0.00991336,-0.0182546
0.304288,0.95258

0.0152524,-0.00976543
0.300482,0.953788

0.00810912,0.0171145
0.296672,0.95498

-0.0170704,0.0132572
0.292856,0.956156

-0.0191491,-0.0103707
0.289037,0.957318

0.00464254,-0.0186503
0.285212,0.958464

0.0168679,0.00621662
0.281383,0.959596

-0.00647336,0.0194504
0.27755,0.960711

-0.0220982,0.000989671
0.273712,0.961812

-0.00835712,-0.0188344
0.26987,0.962897

0.0161117,-0.00807337
0.266023,0.963967

0.00650976,0.0179677
0.262172,0.965021

-0.018081,0.0120347
0.258317,0.96606

-0.018267,-0.0116778
0.254458,0.967084

0.00630465,-0.0179685
0.250595,0.968092

0.0161853,0.0079957
0.246728,0.969085

-0.00809383,0.0190216
0.242857,0.970062

-0.0221126,-0.000558139
0.238982,0.971024

-0.00674434,-0.0192866
0.235103,0.97197

0.0168078,-0.0062993
0.231221,0.972901

0.00485477,0.0186676
0.227334,0.973817

-0.0189866,0.0107424
0.223445,0.974717

-0.0172786,-0.0129168
0.219551,0.975601

0.00791268,-0.0171324
0.215654,0.97647

0.015339,0.00969415
0.211754,0.977323

-0.00965969,0.0184645
0.20785,0.978161

-0.0220057,-0.00210272
0.203943,0.978983

-0.00508476,-0.0196048
0.200033,0.979789

0.0173313,-0.00446042
0.19612,0.98058

0.00315942,0.0192126
0.192203,0.981355

-0.0197834,0.00938882
0.188283,0.982115

-0.0161884,-0.0140794
0.184361,0.982859

0.00945099,-0.0161452
0.180435,0.983587

0.01434,0.0112963
0.176507,0.984299

-0.0111619,0.017786
0.172575,0.984996

-0.0217778,-0.00363559
0.168641,0.985677

-0.00338897,-0.0197832
0.164705,0.986343

0.0176754,-0.00257516
0.160765,0.986993

0.00143851,0.0196027
0.156824,0.987627

-0.0204681,0.00798216
0.152879,0.988245

-0.015001,-0.0151574
0.148932,0.988847

0.0109038,-0.0150119
0.144983,0.989434

0.0132006,0.0127881
0.141032,0.990005

-0.0125924,0.0169932
0.137078,0.99056

-0.0214299,-0.00514824
0.133122,0.9911

-0.00166839,-0.0198166
0.129164,0.991623

0.0178354,-0.000662883
0.125204,0.992131

-0.00029375,0.0198391
0.121242,0.992623

-0.021038,0.0065309
0.117278,0.993099

-0.013722,-0.0161427
0.113312,0.993559

0.0122555,-0.0137391
0.109344,0.994004

0.0119346,0.0141576
0.105374,0.994433

-0.0139435,0.0160935
0.101403,0.994845

-0.0209633,-0.00663218
0.0974305,0.995242

6.47111e-05,-0.0197008
0.0934562,0.995623

0.0178092,0.00125653
0.0894804,0.995989

-0.00202382,0.0199242
0.0855031,0.996338

-0.0214908,0.00504347
0.0815245,0.996671

-0.0123576,-0.0170273
0.0775446,0.996989

0.0134908,-0.0123358
0.0735635,0.997291

0.0105566,0.0153945
0.0695812,0.997576

-0.0152086,0.0150946
0.0655978,0.997846

-0.0203796,-0.00807894
0.0616133,0.9981

0.00179728,-0.0194323
0.0576279,0.998338

0.0175971,0.00316304
0.0536415,0.99856

-0.00373891,0.0198615
0.0496543,0.998766

-0.0218248,0.00352832
0.0456663,0.998957

-0.0109147,-0.0178035
0.0416775,0.999131

0.0145953,-0.0108127
0.0376881,0.99929

0.00908182,0.0164906
0.0336981,0.999432

-0.0163817,0.0140045
0.0297076,0.999559

-0.0196812,-0.00948005
0.0257166,0.999669

0.0035155,-0.019009
0.0217251,0.999764

0.017202,0.0050369
0.0177334,0.999843

-0.00542707,0.0196556
0.0137413,0.999906

-0.0220388,0.00199394
0.00974905,0.999952

-0.00940086,-0.0184637
0.00575662,0.999983

0.0155554,-0.0091825
0.0017641,0.999998

0.00752594,0.0174398
-0.00222845,0.999998

-0.0174572,0.0128313
-0.00622096,0.999981

-0.018871,-0.0108271
-0.0102134,0.999948

0.00520488,-0.0184297
-0.0142056,0.999899

0.0166295,0.00685903
-0.0181976,0.999834

-0.00707711,0.0193117
-0.0221894,0.999754

-0.022132,0.000448781
-0.0261808,0.999657

-0.00782448,-0.0190009
-0.0301717,0.999545

0.0163591,-0.00745983
-0.0341622,0.999416

0.00590456,0.0182376
-0.0381521,0.999272

-0.0184306,0.011583
-0.0421415,0.999112

-0.017952,-0.0121116
-0.0461301,0.998935

0.00685035,-0.017695
-0.050118,0.998743

0.0158872,0.00861137
-0.0541052,0.998535

-0.00867872,0.0188355
-0.0580914,0.998311

-0.0221039,-0.00109866
-0.0620768,0.998071

-0.00619477,-0.0194083
-0.0660611,0.997816

0.016996,-0.00566091
-0.0700444,0.997544

0.00423314,0.0188813
-0.0740266,0.997256

-0.0192976,0.010268
-0.0780076,0.996953

-0.0169284,-0.0133252
-0.0819873,0.996633

0.00843642,-0.0168069
-0.0859658,0.996298

0.0149847,0.0102772
-0.0899428,0.995947

-0.0102224,0.0182337
-0.0939185,0.99558

-0.0219546,-0.00263991
-0.0978926,0.995197

-0.00452176,-0.0196797
-0.101865,0.994798

0.0174576,-0.00380343
-0.105836,0.994384

0.0025268,0.0193699
-0.109805,0.993953

-0.0200546,0.00889468
-0.113773,0.993507

-0.0158044,-0.0144596
-0.117739,0.993045

0.00994735,-0.015769
-0.121702,0.992567

0.0139337,0.0118414
-0.125664,0.992073

-0.0116994,0.0175129
-0.129624,0.991563

-0.0216848,-0.00416649
-0.133582,0.991038

-0.00281632,-0.0198094
-0.137538,0.990497

0.0177377,-0.00190623
-0.141491,0.98994

0.000800162,0.0197039
-0.145443,0.989367

-0.0206985,0.00747133
-0.149391,0.988778

-0.0145852,-0.0155067
-0.153338,0.988174

0.0113674,-0.014587
-0.157282,0.987554

0.0127471,0.0132907
-0.161224,0.986918

-0.0131018,0.0166806
-0.165163,0.986266

-0.0212954,-0.0056699
-0.169099,0.985599

-0.00109014,-0.0197927
-0.173033,0.984916

0.0178325,1.10826e-05
-0.176964,0.984217

-0.000932802,0.0198849
-0.180892,0.983503

-0.0212269,0.00600641
-0.184817,0.982773

-0.0132765,-0.0164584
-0.188739,0.982027

0.012681,-0.0132683
-0.192659,0.981266

0.0114389,0.0146137
-0.196575,0.980489

-0.0144224,0.0157442
-0.200488,0.979696

-0.0207879,-0.00714169
-0.204398,0.978888

0.000644234,-0.0196254
-0.208304,0.978064

0.0177407,0.00192849
-0.212208,0.977225

-0.00265882,0.0199158
-0.216108,0.97637

-0.0216377,0.00450835
-0.220004,0.975499

-0.0118846,-0.0173068
-0.223897,0.974613

0.0138731,-0.0118225
-0.227786,0.973711

0.0100242,0.0158008
-0.231672,0.972794

-0.0156548,0.0147115
-0.235554,0.971861

-0.0201642,-0.00857337
-0.239433,0.970913

0.00237348,-0.0193046
-0.243307,0.969949

0.0174637,0.00382598
-0.247178,0.96897

-0.00436541,0.0198005
-0.251044,0.967976

-0.0219292,0.0029856
-0.254907,0.966966

-0.0104167,-0.0180442
-0.258766,0.96594

0.0149295,-0.0102609
-0.26262,0.964899

0.00851829,0.0168446
-0.266471,0.963843

-0.0167931,0.0135906
-0.270317,0.962771

-0.0194268,-0.00995649
-0.274158,0.961685

0.00408355,-0.0188284
-0.277996,0.960582

0.0170052,0.00568396
-0.281829,0.959465

-0.00604089,0.0195437
-0.285657,0.958332

-0.0221004,0.00144662
-0.289481,0.957184

-0.00888077,-0.0186632
-0.2933,0.95602

0.0158372,-0.00859698
-0.297115,0.954842

0.00693686,0.0177396
-0.300925,0.953648

-0.0178322,0.0123894
-0.30473,0.952439

-0.0185786,-0.0112826
-0.30853,0.951215

0.00575973,-0.0181963
-0.312325,0.949975

0.0163716,0.00748364
-0.316116,0.948721

-0.00767441,0.019151
-0.319901,0.947451

-0.0221507,-0.000100115
-0.323681,0.946166

-0.00728532,-0.019157
-0.327456,0.944866

0.0165845,-0.00684592
-0.331226,0.943551

0.00529554,0.0184819
-0.334991,0.942221

-0.0187676,0.0111163
-0.33875,0.940877

-0.0176231,-0.0125434
-0.342504,0.939517

0.0073868,-0.0174092
-0.346252,0.938142

0.0155712,0.00920739
-0.349995,0.936752

-0.00925593,0.0186284
-0.353732,0.935347

-0.0220798,-0.00164614
-0.357463,0.933927

-0.00563987,-0.0195188
-0.361189,0.932492

0.0171618,-0.00502452
-0.364909,0.931043

0.00360969,0.0190696
-0.368624,0.929579

-0.0195953,0.00977945
-0.372332,0.9281

-0.0165645,-0.0137305
-0.376035,0.926606

0.00894914,-0.0164697
-0.379731,0.925097

0.0146145,0.010839
-0.383422,0.923573

-0.0107762,0.0179825
-0.387106,0.922035

-0.021888,-0.00318299
-0.390784,0.920482

-0.00395473,-0.0197426
-0.394456,0.918915

0.0175612,-0.00315091
-0.398122,0.917333

0.00189429,0.0195021
-0.401781,0.915736

-0.0203119,0.0083873
-0.405434,0.914124

-0.0154072,-0.0148356
-0.409081,0.912498

0.010431,-0.0153821
-0.41272,0.910858

0.0135136,0.012364
-0.416354,0.909203

-0.0122269,0.0172204
-0.419981,0.907533

-0.021576,-0.00470218
-0.423601,0.905849

-0.00224102,-0.0198232
-0.427214,0.904151

0.0177774,-0.00124426
-0.43082,0.902438

0.000163728,0.0197804
-0.43442,0.900711

-0.0209145,0.00694821
-0.438012,0.898969

-0.0141567,-0.0158507
-0.441598,0.897213

0.0118166,-0.0141526
-0.445177,0.895443

0.0122819,0.0137696
-0.448748,0.893658

-0.0136003,0.0163494
-0.452313,0.891859

-0.0211449,-0.00619525
-0.45587,0.890046

-0.000510742,-0.0197558
-0.45942,0.888219

0.0178075,0.000675593
-0.462962,0.886378

-0.00156825,0.0199066
-0.466498,0.884522

-0.0214009,0.00547059
-0.470025,0.882653

-0.0128188,-0.0167676
-0.473546,0.880769

0.0130905,-0.0127895
-0.477058,0.878872

0.0109338,0.0150452
-0.480564,0.87696

-0.0148896,0.0153772
-0.484061,0.875034

-0.0205965,-0.00765374
-0.487551,0.873095

0.00122332,-0.0195368
-0.491033,0.871141

0.0176509,0.00258857
-0.494507,0.869174

-0.00328865,0.0198839
-0.497973,0.867192

-0.0217691,0.00396288
-0.501431,0.865197

-0.0114002,-0.0175787
-0.504882,0.863188

0.014238,-0.0113027
-0.508324,0.861166

0.00948459,0.016182
-0.511758,0.859129

-0.0160884,0.0143117
-0.515184,0.857079

-0.0199327,-0.00906919
-0.518602,0.855016

0.00294758,-0.0191635
-0.522012,0.852938

0.0173101,0.00447472
-0.525413,0.850847

-0.00498526,0.0197167
-0.528806,0.848743

-0.0220176,0.00243353
-0.53219,0.846625

-0.00990827,-0.0182763
-0.535566,0.844493

0.0152452,-0.00970456
-0.538934,0.842348

0.00794971,0.0171732
-0.542292,0.84019

-0.0171912,0.0131607
-0.545643,0.838018

-0.0191563,-0.0104332
-0.548984,0.835833

0.00464776,-0.0186345
-0.552317,0.833634

0.0167895,0.00631466
-0.555641,0.831423

-0.00664672,0.0194099
-0.558956,0.829198

-0.0221457,0.000890986
-0.562262,0.826959

-0.00835111,-0.0188532
-0.565559,0.824708

0.0160994,-0.008009
-0.568847,0.822443

0.00634489,0.0180139
-0.572126,0.820166

-0.0181931,0.0119327
-0.575396,0.817875

-0.0182704,-0.0117373
-0.578657,0.815571

0.00630897,-0.0179497
-0.581909,0.813254

0.0160964,0.00808995
-0.585151,0.810924

-0.00826246,0.0189693
-0.588384,0.808582

-0.0221527,-0.000656291
-0.591608,0.806226

-0.00673766,-0.0193025
-0.594822,0.803858

0.0167897,-0.0062318
-0.598026,0.801476

0.00468571,0.018701
-0.601222,0.799082

-0.0190899,0.0106356
-0.604407,0.796676

-0.0172786,-0.0129731
-0.607583,0.794256

0.00791583,-0.0171107
-0.610749,0.791824

0.0152398,0.00978337
-0.613906,0.789379

-0.00982275,0.0184011
-0.617053,0.786922

-0.0220387,-0.00219984
-0.62019,0.784452

-0.00507764,-0.0196178
-0.623317,0.78197

0.0173068,-0.00439027
-0.626434,0.779475

0.00298742,0.0192329
-0.629541,0.776967

-0.0198777,0.00927791
-0.632638,0.774448

-0.0161852,-0.0141325
-0.635725,0.771916

0.00945265,-0.0161205
-0.638802,0.769372

0.0142309,0.0113793
-0.641868,0.766815

-0.0113187,0.0177122
-0.644925,0.764246

-0.0218041,-0.0037312
-0.647971,0.761665

-0.00338165,-0.0197934
-0.651007,0.759072

0.017644,-0.00250295
-0.654032,0.756467

0.00126482,0.0196098
-0.657047,0.75385

-0.0205534,0.00786793
-0.660052,0.75122

-0.0149951,-0.0152071
-0.663046,0.748579

0.0109036,-0.0149841
-0.666029,0.745926

